/*--------------------------------*- C++ -*----------------------------------*\
| =========                 |                                                 |
| \\      /  F ield         | OpenFOAM: The Open Source CFD Toolbox           |
|  \\    /   O peration     | Version:  4.1                                   |
|   \\  /    A nd           | Web:      www.OpenFOAM.org                      |
|    \\/     M anipulation  |                                                 |
\*---------------------------------------------------------------------------*/
FoamFile
{
    version     2.0;
    format      ascii;
    class       volScalarField;
    location    "0";
    object      p;
}
// * * * * * * * * * * * * * * * * * * * * * * * * * * * * * * * * * * * * * //

dimensions      [0 2 -2 0 0 0 0];

internalField   nonuniform List<scalar> 
12225
(
4.28655
4.43116
4.28069
4.71104
4.42382
4.26692
5.07054
4.70298
4.40687
4.24298
5.4894
5.06066
4.68458
4.37768
4.20587
5.96225
5.47706
5.03814
4.65274
4.33293
4.15214
6.4837
5.94648
5.44889
4.99925
4.60363
4.26882
4.07776
7.0512
6.46316
5.91051
5.4003
4.93947
4.5329
4.18096
3.99349
7.66419
7.02391
6.41638
5.8486
5.32576
4.85369
4.43563
4.08219
3.90306
8.3235
7.62707
6.96185
6.33604
5.75389
5.21914
4.7362
4.32626
3.97681
3.78418
9.03062
8.27157
7.54281
6.85559
6.21362
5.61902
5.07383
4.60475
4.20972
3.83967
3.62865
9.78557
8.95535
8.15398
7.39917
6.6945
6.04026
5.43627
4.91227
4.4653
4.05799
3.66267
3.42689
10.5805
9.67138
8.78559
7.95476
7.18294
6.46806
5.80716
5.23472
4.74186
4.28488
3.86191
3.43652
3.16854
11.3779
10.3963
9.41561
8.50063
7.65785
6.88208
6.1667
5.55271
5.02365
4.523
4.05364
3.61147
3.15156
2.84375
12.0233
11.0534
9.98927
8.99263
8.08219
7.25058
6.48714
5.8421
5.28865
4.75509
4.24517
3.76126
3.29681
2.79932
2.44543
11.7628
11.3722
10.3588
9.33344
8.38556
7.51989
6.72601
6.06925
5.50917
4.95657
4.41821
3.89822
3.39854
2.91015
2.37516
1.97291
4.66798
10.2418
10.0888
9.29356
8.42652
7.59436
6.81469
6.18414
5.64711
5.09664
4.54616
4.00385
3.47444
2.95977
2.4487
1.88199
1.43671
-19.5211
2.81186
7.82172
8.30614
7.91025
7.29844
6.63916
6.10983
5.64763
5.13394
4.59623
4.05066
3.50723
2.97165
2.44615
1.91851
1.33466
0.904974
-17.6554
-97.9694
-0.149291
5.00223
6.2225
6.30918
6.00932
5.72692
5.43039
5.01139
4.52596
4.00587
3.47038
2.93167
2.39687
1.86954
1.33829
0.804495
0.466047
-18.173
-62.1442
-107.217
-88.4249
-3.24838
2.18963
4.05926
4.61845
4.85344
4.8786
4.65028
4.27999
3.82912
3.33378
2.81655
2.29212
1.76964
1.25539
0.784569
0.376134
0.135042
-18.8819
-45.7258
-88.1346
-53.5521
-57.53
-36.7026
-5.84532
-0.310184
2.0169
3.22861
3.82927
3.9451
3.78752
3.4715
3.06293
2.60189
2.11423
1.61739
1.12336
0.686781
0.342953
0.0585127
-0.110315
-18.8035
-38.2332
-68.7709
-43.6744
-13.7425
-24.2724
-26.457
-22.3584
-7.64588
-2.31461
0.529047
2.07573
2.76399
2.96305
2.87651
2.62003
2.26242
1.84694
1.40234
0.948981
0.547325
0.245978
0.0191047
-0.174013
-0.28959
-17.8475
-32.0366
-51.553
-44.5468
-26.8705
1.50579
-4.46853
-12.8922
-15.5565
-12.699
-8.62764
-3.52022
-0.592922
0.96515
1.71462
1.98508
1.96739
1.77452
1.47615
1.11739
0.729299
0.379479
0.116922
-0.0698691
-0.215708
-0.342532
-0.418709
-16.296
-26.5642
-39.2331
-40.5575
-29.3234
-16.2579
11.1102
6.72823
-1.07757
-6.99988
-8.01303
-5.964
-8.86551
-4.27761
-1.55451
-0.03315
0.747754
1.07443
1.12046
0.992711
0.75925
0.465469
0.186182
-0.0275461
-0.182076
-0.294605
-0.384491
-0.463388
-0.510175
-14.7535
-21.9055
-30.5736
-34.6862
-29.2875
-18.8519
-8.82085
17.3914
13.92
7.79707
1.34673
-2.1298
-2.47616
-0.961369
-8.76277
-4.76452
-2.29471
-0.853352
-0.0706889
0.294751
0.395948
0.330521
0.162402
-0.0260528
-0.180912
-0.29949
-0.389372
-0.453728
-0.50469
-0.548912
-0.57362
-13.3194
-18.6213
-24.2428
-28.7653
-27.2893
-20.1042
-11.2176
-3.30105
21.6693
18.8991
14.2644
8.51323
3.96723
1.85227
1.77526
2.93283
-8.37462
-4.96009
-2.77319
-1.44541
-0.687774
-0.302227
-0.158278
-0.170196
-0.248191
-0.33427
-0.413743
-0.481663
-0.532982
-0.56573
-0.589267
-0.608308
-0.616393
-11.7668
-16.066
-20.1327
-23.5035
-24.1867
-19.9976
-12.8622
-5.42655
0.977399
24.6978
22.4984
18.986
14.2925
9.65387
6.47142
5.12507
5.15813
6.06858
-7.7368
-4.87168
-2.97639
-1.78402
-1.07359
-0.68712
-0.51727
-0.468408
-0.477565
-0.515198
-0.562233
-0.604103
-0.632234
-0.64386
-0.647782
-0.648444
-0.644051
-10.1559
-13.6493
-17.0747
-19.7145
-20.6977
-18.7883
-13.6296
-7.123
-0.888184
4.40543
26.9022
25.1717
22.4871
18.7907
14.6202
11.0056
8.7452
7.8486
7.92527
8.65831
-6.90084
-4.5305
-2.91799
-1.87172
-1.22596
-0.858504
-0.672307
-0.599653
-0.594123
-0.621456
-0.657479
-0.686494
-0.700413
-0.697605
-0.687294
-0.674452
-0.660794
-8.53788
-11.3831
-14.2793
-16.7682
-17.7863
-16.8554
-13.5367
-8.26492
-2.50753
2.76661
7.22307
28.8652
27.184
25.1269
22.2512
18.742
15.2029
12.4109
10.7688
10.1467
10.2379
10.8392
-5.92342
-3.98374
-2.63358
-1.73594
-1.1693
-0.843591
-0.688713
-0.640845
-0.650351
-0.683779
-0.71878
-0.741768
-0.746696
-0.733784
-0.713006
-0.690207
-0.66978
-6.95155
-9.27364
-11.7234
-14.0029
-15.3464
-14.9092
-12.7235
-8.78889
-3.77949
1.26758
5.77657
9.58563
30.3608
29.028
27.1354
24.9129
22.0636
18.8814
15.9472
13.7815
12.5588
12.1113
12.2037
12.7041
-4.85903
-3.28592
-2.17279
-1.42268
-0.9652
-0.732915
-0.646121
-0.640723
-0.674819
-0.720133
-0.758195
-0.778504
-0.77748
-0.75731
-0.728767
-0.698661
-0.672843
-5.4253
-7.32205
-9.39176
-11.4334
-12.9239
-13.1174
-11.6014
-8.71098
-4.62373
-0.0161847
4.40602
8.30131
11.5983
31.358
30.4588
28.985
26.9615
24.6987
21.9845
19.1835
16.773
15.0751
14.1424
13.8099
13.8974
14.3186
-3.75596
-2.49205
-1.59205
-1.02077
-0.721248
-0.601626
-0.585431
-0.62365
-0.683063
-0.741082
-0.783345
-0.802472
-0.797258
-0.77175
-0.73742
-0.700746
-3.97985
-5.52716
-7.27111
-9.06825
-10.5768
-11.1994
-10.4289
-8.21423
-5.00219
-1.01002
3.166
7.05364
10.4511
13.3348
32.0569
31.4208
30.4264
28.8553
26.768
24.5345
22.0263
19.6035
17.6245
16.2753
15.5474
15.293
15.3727
15.7303
-2.6553
-1.65423
-0.996216
-0.644408
-0.500475
-0.478696
-0.524724
-0.601598
-0.683499
-0.75289
-0.799117
-0.817598
-0.809234
-0.779702
-0.739234
-2.63088
-3.88683
-5.34933
-6.90815
-8.3507
-9.22739
-9.04519
-7.55778
-4.94914
-1.65802
2.11895
5.88151
9.31584
12.3043
14.8488
32.5732
32.1004
31.3972
30.334
28.7009
26.59
24.4449
22.1759
20.0986
18.4667
17.3789
16.7988
16.5986
16.6693
16.9748
-1.59216
-0.881158
-0.495586
-0.337696
-0.316389
-0.374064
-0.471358
-0.580201
-0.680632
-0.759303
-0.808695
-0.826609
-0.81573
-0.780759
-1.39169
-2.3991
-3.61574
-4.94893
-6.27478
-7.26969
-7.51001
-6.66039
-4.6903
-1.90552
1.3219
4.83475
8.22002
11.27
13.9182
16.1801
32.964
32.6051
32.0846
31.3308
30.219
28.5419
26.4509
24.4348
22.4104
20.6346
19.2792
18.3893
17.9179
17.7559
17.8171
18.0793
-0.669794
-0.271028
-0.110564
-0.0962328
-0.169379
-0.289625
-0.427651
-0.561856
-0.67682
-0.762578
-0.814191
-0.831445
-0.815667
-0.355947
-1.06339
-2.06143
-3.18392
-4.36538
-5.3804
-5.89291
-5.55704
-4.19829
-1.9377
0.878907
3.96473
7.20246
10.2511
12.9739
15.3359
17.359
33.2657
32.9885
32.5945
32.0375
31.246
30.0922
28.3947
26.3621
24.4978
22.7061
21.1865
20.051
19.3126
18.9223
18.7877
18.8394
19.0648
0.0298716
0.181262
0.182117
0.089895
-0.0553405
-0.224002
-0.393615
-0.547327
-0.673245
-0.764095
-0.817064
-0.830282
0.410138
0.0335205
-0.679935
-1.60575
-2.62993
-3.59842
-4.2591
-4.30285
-3.48284
-1.76475
0.641808
3.40034
6.30681
9.27761
12.0289
14.4715
16.5899
18.409
33.5019
33.2851
32.9815
32.5604
31.9761
31.1489
29.9634
28.2707
26.3261
24.6215
23.0421
21.7372
20.7769
20.1557
19.8269
19.7119
19.7544
19.9483
0.535965
0.517132
0.402657
0.230951
0.0309754
-0.174663
-0.368285
-0.536602
-0.670451
-0.764755
-0.814739
0.95538
0.834441
0.445208
-0.207955
-1.07016
-1.94943
-2.6633
-2.95981
-2.57799
-1.37653
0.573759
3.02408
5.67215
8.38535
11.1062
13.5957
15.7966
17.7058
19.3488
33.6886
33.5177
33.2807
32.9564
32.5152
31.9036
31.0452
29.8412
28.1762
26.3393
24.7923
23.4013
22.2752
21.4551
20.9256
20.6439
20.543
20.5766
20.7432
0.905802
0.766305
0.567246
0.336014
0.094673
-0.138854
-0.350383
-0.529322
-0.66872
-0.761236
1.34954
1.39962
1.26139
0.926264
0.314846
-0.448866
-1.14752
-1.58813
-1.5328
-0.786123
0.698061
2.77999
5.20518
7.71515
10.2347
12.726
14.9848
16.976
18.7037
20.1934
33.8371
33.7018
33.5151
33.2618
32.9225
32.4605
31.8233
30.9405
29.7316
28.1135
26.395
24.9974
23.7709
22.7932
22.0859
21.6289
21.3837
21.2928
21.3179
21.4606
1.17721
0.950296
0.68854
0.412656
0.140269
-0.114015
-0.338612
-0.525113
-0.664012
1.6367
1.80578
1.8347
1.74642
1.43977
0.894612
0.258392
-0.240145
-0.403366
-0.0254319
1.01868
2.6986
4.83654
7.19245
9.55232
11.8854
14.1677
16.2229
18.0306
19.5998
20.9548
33.9555
33.8484
33.7005
33.5007
33.2361
32.8808
32.3982
31.7384
30.8391
29.6383
28.0817
26.4854
25.2254
24.1411
23.2865
22.6707
22.2716
22.0547
21.971
21.988
22.1096
1.37614
1.0849
0.776357
0.467045
0.171562
-0.0979164
-0.33193
-0.519258
1.84615
2.10051
2.2453
2.32094
2.25323
1.99172
1.53438
1.04245
0.754994
0.860142
1.52097
2.79606
4.59946
6.73878
8.99878
11.2062
13.3634
15.4566
17.3314
18.9778
20.4072
21.643
34.0498
33.9654
33.848
33.6894
33.4808
33.2037
32.8321
32.3301
31.6518
30.7444
29.5633
28.0779
26.6025
25.467
24.5049
23.7529
23.2117
22.8589
22.6645
22.5856
22.595
22.6978
1.52095
1.18188
0.838327
0.504116
0.191675
-0.0888607
-0.32501
1.99819
2.31493
2.54249
2.73155
2.82269
2.7875
2.58639
2.22862
1.89332
1.81888
2.17336
3.07246
4.51769
6.38716
8.48986
10.6393
12.6975
14.6912
16.6133
18.3278
19.8312
21.1368
22.2665
34.1243
34.0586
33.9656
33.8392
33.6736
33.4552
33.1651
32.7773
32.258
31.566
30.6586
29.5065
28.0983
26.739
25.7147
24.8573
24.1909
23.711
23.3959
23.2191
23.1434
23.1456
23.2318
1.62497
1.25009
0.880373
0.527808
0.202921
-0.0809925
2.10725
2.47033
2.75829
3.02818
3.22946
3.34537
3.35403
3.22017
2.97183
2.79975
2.93248
3.51049
4.60258
6.1651
8.05653
10.0972
12.1294
14.0449
15.8876
17.6552
19.2263
20.6024
21.7977
22.8324
34.1823
34.1322
34.0591
33.9585
33.8264
33.6529
33.4239
33.1204
32.7173
32.1833
31.4827
30.5826
29.4671
28.1386
26.8883
25.9626
25.195
24.6003
24.1711
23.8868
23.724
23.6504
23.6458
23.7171
1.69803
1.29625
0.907134
0.540992
0.211593
2.18388
2.58178
2.91437
3.24317
3.5231
3.74417
3.89398
3.95001
3.88969
3.75749
3.74995
4.07772
4.84966
6.09176
7.7274
9.60789
11.5704
13.4841
15.2649
16.9687
18.5964
20.0389
21.3011
22.3973
23.3465
34.2263
34.1896
34.133
34.0531
33.9477
33.8091
33.6268
33.3867
33.07
32.6529
32.1072
31.4032
30.5169
29.4431
28.1944
27.0451
26.2064
25.5158
24.9815
24.5944
24.3354
24.1838
24.1113
24.1005
24.1583
1.74746
1.32556
0.92196
0.550305
2.23581
2.66011
3.02612
3.39838
3.73577
4.03217
4.28066
4.46611
4.57335
4.59114
4.57852
4.73196
5.23821
6.17313
7.52628
9.1992
11.045
12.9199
14.7168
16.3717
17.948
19.4488
20.7755
21.9353
22.9422
23.814
34.258
34.2329
34.1902
34.1275
34.0435
33.9325
33.7865
33.5949
33.3435
33.0142
32.5849
32.0308
31.328
30.4608
29.4322
28.2615
27.2049
26.4428
25.8182
25.3351
24.9832
24.7452
24.6026
24.5307
24.514
24.5597
1.77886
1.34175
0.931754
2.26866
2.71344
3.10453
3.5092
3.88924
4.2408
4.56033
4.8369
5.06018
5.22144
5.32017
5.42763
5.73446
6.39963
7.46709
8.8972
10.5791
12.3735
14.1559
15.8402
17.3779
18.8372
20.2226
21.4447
22.5119
23.4379
24.2395
34.2788
34.2639
34.2331
34.1846
34.1181
34.0293
33.912
33.7581
33.5568
33.2943
32.9533
32.5137
31.9545
31.2574
30.4135
29.432
28.3364
27.3641
26.6692
26.1016
25.6619
25.3398
25.1193
24.9841
24.9121
24.8901
24.9249
1.79631
1.35197
2.28588
2.74765
3.15777
3.58669
3.99864
4.3914
4.76308
5.10568
5.41166
5.67442
5.89139
6.07212
6.29726
6.74697
7.54991
8.72121
10.1993
11.8684
13.6
15.2887
16.8653
18.2941
19.6461
20.9265
22.0535
23.0366
23.8892
24.6267
34.2897
34.2833
34.2629
34.2265
34.1746
34.1038
34.0094
33.8853
33.7231
33.512
33.2388
32.8873
32.4398
31.8788
31.1912
30.3737
29.44
28.4156
27.5198
26.884
26.3656
25.9632
25.6664
25.4606
25.3313
25.2591
25.2321
25.2571
1.80778
2.30437
2.76635
3.19201
3.63896
4.07508
4.49882
4.9095
5.30087
5.66718
6.00344
6.30665
6.58001
6.8422
7.18019
7.75992
8.6792
9.92822
11.4302
13.0699
14.7318
16.3272
17.8018
19.1299
20.3833
21.5676
22.6081
23.5147
24.3003
24.9793
34.2899
34.2789
34.2536
34.2143
34.1586
34.083
33.9828
33.8515
33.6809
33.4603
33.1771
32.8166
32.3634
31.8037
31.1288
30.34
29.4539
28.4966
27.6698
27.086
26.6104
26.24
25.9648
25.7715
25.6471
25.5745
25.543
25.5592
2.78566
3.21161
3.67217
4.12654
4.57382
5.01404
5.44194
5.85318
6.24361
6.61053
6.95452
7.28399
7.62549
8.06967
8.76511
9.77975
11.0833
12.5895
14.1877
15.7758
17.2801
18.6586
19.8934
21.056
22.1524
23.1139
23.9505
24.6748
25.3002
34.2796
34.264
34.2367
34.1946
34.1351
34.0547
33.9485
33.81
33.631
33.4013
33.1091
32.7412
32.2847
31.7291
31.0696
30.311
29.4716
28.5769
27.8125
27.2746
26.8362
26.4935
26.237
26.0544
25.9342
25.861
25.8254
25.8337
3.22387
3.69028
4.15917
4.62443
5.08705
5.54277
5.98791
6.41899
6.83358
7.23111
7.61551
7.99989
8.41722
8.95935
9.7555
10.8457
12.1835
13.6784
15.2265
16.7388
18.1551
19.4433
20.5917
21.6707
22.6864
23.5754
24.348
25.016
25.5921
34.2579
34.2396
34.2108
34.1661
34.103
34.0178
33.9056
33.76
33.5729
33.3348
33.0348
32.6613
32.2038
31.6548
31.0128
30.2852
29.491
28.6548
27.9466
27.4493
27.0436
26.7251
26.4847
26.3113
26.1947
26.121
26.0817
26.0829
3.69831
4.17686
4.65651
5.13634
5.61335
6.08431
6.54634
6.99707
7.4355
7.8632
8.28704
8.7242
9.21279
9.84353
10.7252
11.8726
13.2277
14.6989
16.1909
17.6274
18.9593
20.1628
21.2311
22.233
23.1744
23.9968
24.7105
25.3268
25.8575
34.2267
34.2053
34.1747
34.1279
34.0613
33.9715
33.8535
33.701
33.5065
33.2608
32.9543
32.577
32.1207
31.5806
30.9577
30.2614
29.5107
28.7288
28.0714
27.6101
27.2332
26.9359
26.7096
26.5444
26.4308
26.3567
26.3141
26.3089
4.18424
4.67384
5.16762
5.66095
6.15184
6.63767
7.11615
7.58607
8.04771
8.50468
8.9664
9.45351
10.0079
10.7173
11.6697
12.8578
14.2157
15.6537
17.0859
18.4474
19.6988
20.8229
21.817
22.7477
23.6205
24.3816
25.0411
25.6098
26.0985
34.187
34.1612
34.1284
34.0793
34.0095
33.9153
33.7918
33.6329
33.4315
33.1793
32.8677
32.4885
32.0354
31.506
30.9035
30.2384
29.5293
28.7977
28.1863
27.7571
27.4057
27.1271
26.9134
26.7553
26.6445
26.5699
26.5245
26.5135
4.6807
5.18446
5.69121
6.19752
6.70174
7.20176
7.69611
8.18443
8.66842
9.15335
9.65093
10.1845
10.7986
11.5762
12.5852
13.7994
15.1481
16.546
17.9163
19.2044
20.3792
21.4292
22.3544
23.219
24.0286
24.7331
25.3426
25.8672
26.3172
34.1389
34.1076
34.0719
34.0202
33.9473
33.8489
33.7202
33.5555
33.3481
33.0905
32.7752
32.3958
31.9478
31.4308
30.8495
30.2152
29.5457
28.8606
28.2911
27.8906
27.5619
27.3
27.0973
26.9457
26.8374
26.7625
26.7146
26.6986
5.1908
5.70745
6.22651
6.74513
7.26202
7.7755
8.2849
8.7907
9.29584
9.80707
10.338
10.914
11.5812
12.4168
13.4691
14.6966
16.0266
17.3791
18.6865
19.9033
21.0057
21.9862
22.8475
23.6509
24.4019
25.0541
25.6173
26.1011
26.5153
34.0826
34.0451
34.0055
33.9509
33.8747
33.7723
33.6389
33.469
33.2564
32.9946
32.6772
32.2992
31.858
31.3546
30.7951
30.1909
29.559
28.9171
28.3855
28.011
27.7026
27.4556
27.263
27.1172
27.0112
26.9361
26.886
26.8656
5.71331
6.24202
6.77265
7.30289
7.8315
8.35759
8.881
9.40316
9.92797
10.4636
11.025
11.6391
12.3525
13.2359
14.3194
15.5492
16.8528
18.1563
19.4008
20.549
21.5828
22.4984
23.3001
24.0467
24.7433
25.3471
25.8674
26.3136
26.6946
34.0183
33.9739
33.9298
33.8717
33.7921
33.6859
33.5481
33.3737
33.1568
32.892
32.5739
32.1989
31.7659
31.2773
30.7398
30.165
29.5685
28.9668
28.4698
28.1186
27.8286
27.5951
27.4116
27.2711
27.1674
27.0922
27.0403
27.016
6.24749
6.78712
7.32901
7.86964
8.40904
8.94672
9.48304
10.0202
10.563
11.1207
11.7095
12.3571
13.1098
14.0311
15.1349
16.3577
17.6288
18.8808
20.0633
21.1456
22.1146
22.9694
23.7157
24.4095
25.0556
25.6145
26.095
26.5062
26.8564
33.9461
33.8946
33.8451
33.7831
33.6999
33.59
33.4483
33.2699
33.0498
32.7831
32.4657
32.0952
31.6717
31.1986
30.6832
30.1367
29.5739
29.0094
28.5442
28.2142
27.9408
27.7196
27.5444
27.4089
27.3073
27.2322
27.1788
27.151
6.79269
7.34306
7.89413
8.44415
8.9934
9.54149
10.0894
10.64
11.199
11.7763
12.3891
13.0654
13.8506
14.8006
15.9149
17.1229
18.3568
19.5562
20.6777
21.6969
22.6048
23.4026
24.0973
24.7419
25.3411
25.8582
26.3019
26.6806
27.0022
33.8664
33.8075
33.7522
33.6857
33.5988
33.4852
33.3399
33.1583
32.9358
32.6684
32.353
31.9883
31.5753
31.1183
30.6249
30.1059
29.5748
29.0449
28.6088
28.2982
28.0401
27.83
27.6625
27.5317
27.4322
27.3574
27.3028
27.2719
7.3475
7.90748
8.46663
9.0253
9.58321
10.1405
10.6986
11.261
11.8341
12.4285
13.0617
13.7618
14.5728
15.5432
16.6593
17.8459
19.0392
20.1853
21.2474
22.2064
23.0566
23.8012
24.4476
25.0464
25.6019
26.0803
26.4896
26.8381
27.1332
33.7794
33.713
33.6516
33.5803
33.4894
33.3722
33.2238
33.0396
32.8156
32.5486
32.2363
31.8784
31.4769
31.0365
30.5648
30.0722
29.5711
29.0734
28.6642
28.3714
28.1272
27.9275
27.7671
27.6407
27.5432
27.4689
27.4133
27.3799
7.91021
8.47846
9.04574
9.61184
10.1771
10.7422
11.309
11.8814
12.4664
13.0752
13.7253
14.4445
15.2749
16.2576
17.3681
18.5282
19.6784
20.7711
21.7757
22.6774
23.4732
24.1678
24.7692
25.3253
25.8401
26.2823
26.6597
26.9802
27.2506
33.6854
33.6117
33.5439
33.4675
33.3724
33.2518
33.1006
32.9144
32.6898
32.4242
32.1162
31.7661
31.3767
30.9531
30.5028
30.0355
29.5628
29.0951
28.7107
28.4342
28.203
28.0129
27.8592
27.7369
27.6416
27.5678
27.5115
27.4759
8.48087
9.05649
9.6302
10.2025
10.7738
11.3451
11.919
12.4997
13.0944
13.7146
14.3781
15.1118
15.9555
16.9435
18.0418
19.1712
20.2767
21.3166
22.2656
23.1127
23.8572
24.505
25.0643
25.5805
26.0573
26.4658
26.8136
27.1079
27.3555
33.5847
33.504
33.4296
33.348
33.2487
33.1248
32.9711
32.7836
32.5592
32.2959
31.993
31.6517
31.2749
30.8682
30.4387
29.9958
29.5498
29.1102
28.7488
28.4875
28.2682
28.087
27.9396
27.8214
27.7282
27.6551
27.5984
27.5608
9.05876
9.63961
10.2189
10.7957
11.3716
11.9478
12.5271
13.114
13.7162
14.3452
15.0185
15.7622
16.6135
17.6004
18.6812
19.7765
20.8362
21.8242
22.7197
23.5149
24.2112
24.815
25.3349
25.8139
26.2553
26.6324
26.9525
27.2225
27.4487
33.4778
33.3903
33.3095
33.2225
33.1191
32.992
32.8362
32.6479
32.4244
32.1643
31.8675
31.5355
31.1718
30.7818
30.3727
29.9531
29.5324
29.1191
28.779
28.5319
28.3237
28.1509
28.0094
27.8951
27.804
27.7317
27.6747
27.6356
9.64192
10.2275
10.8101
11.3902
11.9693
12.5489
13.1318
13.723
14.3303
14.9653
15.6451
16.3944
17.2482
18.2284
19.2871
20.3458
21.3594
22.2965
23.1406
23.8866
24.5373
25.0999
25.583
26.027
26.4354
26.7832
27.0776
27.325
27.5314
33.3652
33.2711
33.1841
33.0918
32.9842
32.8542
32.6967
32.5082
32.2863
32.0301
31.74
31.4178
31.0674
30.6942
30.3049
29.9076
29.5107
29.122
28.8019
28.5679
28.3701
28.2052
28.0694
27.9588
27.8699
27.7985
27.7414
27.701
10.2289
10.8176
11.4025
11.9846
12.5654
13.1467
13.7316
14.3252
14.9354
15.5736
16.2565
17.0075
17.8591
18.8277
19.8605
20.8808
21.8482
22.7358
23.5306
24.23
24.8377
25.3615
25.8102
26.2216
26.599
26.9195
27.1898
27.4162
27.6041
33.2471
33.1469
33.054
32.9565
32.845
32.7123
32.5535
32.3653
32.1456
31.894
31.6111
31.2992
30.9622
30.6054
30.2353
29.8593
29.485
29.1194
28.8179
28.5961
28.4082
28.2508
28.1204
28.0134
27.9266
27.8562
27.7993
27.7578
10.8179
11.4088
11.9947
12.5774
13.1586
13.74
14.3251
14.9192
15.5301
16.1689
16.8518
17.6008
18.4459
19.3987
20.4024
21.3832
22.3045
23.1441
23.8919
24.547
25.1143
25.6017
26.018
26.3989
26.7474
27.0424
27.2903
27.497
27.6678
33.1242
33.0184
32.9198
32.8174
32.7021
32.567
32.4073
32.2198
32.003
31.7565
31.4813
31.18
30.8564
30.5158
30.1642
29.8085
29.4556
29.1116
28.8275
28.6173
28.4386
28.2882
28.163
28.0596
27.975
27.9057
27.8489
27.8066
11.4084
12.0001
12.5854
13.1674
13.7473
14.3274
14.9111
15.5038
16.1131
16.7501
17.43
18.1737
19.0085
19.9417
20.9141
21.8544
22.7305
23.5236
24.2264
24.8395
25.3687
25.8219
26.2079
26.5603
26.8817
27.1529
27.3799
27.5683
27.7231
32.9969
32.8859
32.782
32.6751
32.5563
32.4191
32.2588
32.0726
31.8591
31.6181
31.351
31.0605
30.7503
30.4255
30.0918
29.7554
29.4226
29.0991
28.8313
28.632
28.4619
28.3183
28.1981
28.0981
28.0156
27.9475
27.8911
27.848
11.9987
12.589
13.1735
13.7532
14.3305
14.9077
15.4883
16.0777
16.6834
17.3162
17.9905
18.7257
19.547
20.4576
21.3967
22.2962
23.1278
23.8762
24.536
25.1093
25.6025
26.0237
26.3813
26.7068
27.003
27.2519
27.4594
27.6308
27.7707
32.8657
32.75
32.6413
32.5302
32.4083
32.2693
32.1089
31.9244
31.7145
31.4795
31.2208
30.9411
30.6442
30.3348
30.0182
29.7003
29.3866
29.0822
28.8297
28.6407
28.4789
28.3416
28.2261
28.1295
28.0492
27.9823
27.9263
27.8828
12.5879
13.1764
13.7574
14.3335
14.9068
15.4795
16.0554
16.6398
17.2401
17.8664
18.5326
19.2567
20.0615
20.947
21.8513
22.71
23.4982
24.2034
24.8223
25.358
25.8173
26.2082
26.5392
26.8397
27.1122
27.3403
27.5296
27.6851
27.8111
32.7312
32.6113
32.4983
32.3833
32.2587
32.1183
31.9582
31.7757
31.5699
31.3411
31.091
30.8221
30.5382
30.2438
29.9437
29.6433
29.3477
29.0613
28.8233
28.6439
28.4899
28.3587
28.2478
28.1544
28.0763
28.0106
27.9551
27.9112
13.1748
13.7593
14.3359
14.9071
15.4749
16.0418
16.6116
17.1893
17.7822
18.4002
19.056
19.7665
20.5523
21.4106
22.2793
23.0973
23.8432
24.5069
25.0869
25.587
26.0143
26.3769
26.6828
26.9598
27.2102
27.4189
27.5912
27.7318
27.845
32.5938
32.4702
32.3533
32.235
32.108
31.9667
31.8072
31.6271
31.4257
31.2035
30.962
30.7039
30.4328
30.1528
29.8686
29.5848
29.3063
29.0369
28.8124
28.6422
28.4955
28.3701
28.2636
28.1734
28.0973
28.0329
27.9781
27.9339
13.757
14.3367
14.908
15.4728
16.0339
16.5936
17.1557
17.7252
18.3092
18.9169
19.5604
20.2551
21.0198
21.8493
22.6817
23.4596
24.1644
24.7884
25.3312
25.7977
26.1948
26.5307
26.8132
27.0682
27.2978
27.4884
27.6448
27.7716
27.8727
32.454
32.3273
32.2071
32.0859
31.957
31.8151
31.6565
31.4792
31.2825
31.0669
30.8341
30.5867
30.3281
30.0621
29.793
29.5251
29.2626
29.0092
28.7975
28.6359
28.4962
28.3764
28.2741
28.1869
28.113
28.0498
27.9956
27.9512
14.3342
14.9083
15.4721
16.0295
16.5826
17.134
17.687
18.2469
18.8204
19.4161
20.0455
20.7226
21.4645
22.2639
23.0598
23.7981
24.4632
25.0491
25.5567
25.9912
26.3599
26.6708
26.9313
27.1656
27.3758
27.5494
27.691
27.8049
27.8948
32.3123
32.183
32.06
31.9364
31.806
31.6639
31.5066
31.3324
31.1406
30.9318
30.7078
30.4708
30.2243
29.9717
29.7171
29.4642
29.217
28.9786
28.7789
28.6255
28.4925
28.378
28.2796
28.1955
28.1235
28.0617
28.0081
27.9637
14.9048
15.4712
16.0272
16.5762
17.1202
17.6619
18.2048
18.7537
19.3152
19.8975
20.5112
21.1693
21.887
22.6553
23.4145
24.1142
24.7409
25.2903
25.7645
26.1688
26.5108
26.798
27.0378
27.2528
27.4449
27.6026
27.7303
27.8322
27.9117
32.1692
32.0378
31.9126
31.7871
31.6556
31.5137
31.358
31.1871
31.0004
30.7985
30.5831
30.3565
30.1217
29.882
29.6411
29.4026
29.1697
28.9455
28.7571
28.6114
28.4848
28.3752
28.2808
28.1995
28.1295
28.0689
28.016
27.9715
15.4674
16.0256
16.5726
17.1119
17.6458
18.1767
18.7082
19.2451
19.7934
20.361
20.9577
21.5953
22.2876
23.0243
23.7472
24.4091
24.9988
25.5134
25.9557
26.3316
26.6483
26.9133
27.1338
27.3306
27.5056
27.6485
27.7633
27.854
27.9237
32.0252
31.8923
31.7652
31.6383
31.5062
31.3648
31.2112
31.0438
30.8623
30.6673
30.4604
30.2438
30.0204
29.7931
29.5654
29.3403
29.121
28.9101
28.7323
28.594
28.4734
28.3686
28.2778
28.1992
28.1311
28.0718
28.0196
27.9751
16.0217
16.5703
17.1072
17.6359
18.1585
18.6777
19.1969
19.7206
20.2546
20.8064
21.3849
22.0011
22.6672
23.3719
24.0588
24.6839
25.238
25.7194
26.1315
26.4805
26.7734
27.0175
27.2197
27.3995
27.5587
27.6876
27.7904
27.8706
27.9312
31.8808
31.7467
31.6184
31.4905
31.3582
31.2177
31.0663
30.9026
30.7264
30.5384
30.3399
30.1331
29.9206
29.7052
29.4899
29.2776
29.0711
28.8727
28.705
28.5736
28.4586
28.3584
28.2711
28.1951
28.1289
28.0708
28.0192
27.9748
16.5662
17.1041
17.6302
18.1472
18.6578
19.1643
19.6702
20.1798
20.6987
21.2336
21.7931
22.3869
23.0262
23.6988
24.3503
24.9397
25.4596
25.9094
26.2929
26.6163
26.8868
27.1114
27.2965
27.4603
27.6046
27.7205
27.812
27.8824
27.9345
31.7362
31.6015
31.4724
31.344
31.2119
31.0726
30.9237
30.764
30.5932
30.412
30.2217
30.0244
29.8224
29.6183
29.4149
29.2147
29.0202
28.8336
28.6753
28.5505
28.4409
28.3449
28.261
28.1875
28.1231
28.0661
28.0152
27.9708
17.1001
17.6268
18.1406
18.6453
19.1429
19.636
20.1279
20.6226
21.1254
21.6428
22.1824
22.7534
23.3655
24.006
24.6227
25.1776
25.6647
26.0843
26.4407
26.7401
26.9895
27.1956
27.3646
27.5135
27.6438
27.7476
27.8285
27.8897
27.934
31.5921
31.4572
31.3277
31.1992
31.0676
30.9299
30.7837
30.628
30.4627
30.2882
30.106
29.9179
29.7259
29.5327
29.3404
29.1516
28.9685
28.793
28.6436
28.525
28.4204
28.3285
28.2477
28.1767
28.1139
28.058
28.0077
27.9634
17.6225
18.1368
18.6379
19.1294
19.6135
20.0925
20.5696
21.0487
21.5349
22.034
22.5532
23.1008
23.6856
24.2943
24.8769
25.3985
25.8542
26.2452
26.5758
26.8525
27.082
27.2708
27.4247
27.5595
27.6767
27.7692
27.8402
27.8929
27.9297
31.4486
31.3139
31.1845
31.0563
30.9257
30.7897
30.6465
30.495
30.3351
30.1673
29.9929
29.8136
29.6313
29.4483
29.2667
29.0887
28.9163
28.7511
28.6101
28.4972
28.3975
28.3094
28.2316
28.1628
28.1016
28.0468
27.9971
27.9528
18.1321
18.6336
19.1215
19.5991
20.069
20.5333
20.9951
21.4581
21.927
22.4074
22.9059
23.4298
23.9871
24.5644
25.114
25.6035
26.0291
26.3928
26.6991
26.9543
27.1651
27.3375
27.4773
27.5989
27.7039
27.7857
27.8475
27.8922
27.9221
31.3062
31.1721
31.0431
30.9156
30.7862
30.6524
30.5123
30.365
30.2105
30.0493
29.8825
29.7117
29.5386
29.3653
29.1938
29.026
28.8636
28.7081
28.5749
28.4676
28.3723
28.2878
28.2129
28.1462
28.0865
28.0326
27.9834
27.9392
18.6288
19.117
19.5905
20.054
20.5091
20.9583
21.4043
21.8507
22.3019
22.7632
23.2406
23.7408
24.2708
24.8173
25.3347
25.7932
26.1902
26.5279
26.8112
27.0462
27.2393
27.3964
27.5229
27.6322
27.7256
27.7974
27.8506
27.8878
27.9113
31.1652
31.0321
30.9039
30.7774
30.6495
30.518
30.3812
30.2382
30.0891
29.9342
29.7748
29.6121
29.4479
29.2838
29.1218
28.9635
28.8105
28.6642
28.5383
28.4361
28.3451
28.264
28.1917
28.127
28.0687
28.0157
27.967
27.9228
19.1117
19.5855
20.0449
20.4937
20.9337
21.3672
21.797
22.2265
22.6598
23.1018
23.5579
24.0344
24.5374
25.0536
25.5398
25.9687
26.3383
26.6514
26.9129
27.1288
27.3052
27.4479
27.5619
27.6596
27.7423
27.8048
27.8499
27.8801
27.8974
31.0258
30.894
30.7669
30.6417
30.5157
30.3867
30.2532
30.1146
29.9708
29.8222
29.6699
29.515
29.3591
29.2038
29.0508
28.9014
28.7573
28.6194
28.5004
28.4031
28.316
28.2381
28.1683
28.1054
28.0484
27.9962
27.948
27.9037
19.5805
20.0396
20.4844
20.918
21.3425
21.76
22.1733
22.5856
23.0008
23.4233
23.8582
24.3111
24.7874
25.2741
25.7302
26.1305
26.4741
26.7638
27.0047
27.2026
27.3634
27.4925
27.5947
27.6816
27.7542
27.8079
27.8454
27.8691
27.8807
30.8884
30.7581
30.6325
30.5089
30.3849
30.2586
30.1286
29.9943
29.8557
29.7132
29.5677
29.4203
29.2724
29.1254
28.9807
28.8398
28.7039
28.5741
28.4614
28.3686
28.2853
28.2103
28.1428
28.0816
28.0257
27.9743
27.9264
27.882
20.035
20.4792
20.9085
21.3266
21.7352
22.1366
22.5333
22.9283
23.3252
23.7282
24.142
24.5715
25.0216
25.4795
25.9065
26.2796
26.5984
26.8659
27.0873
27.2683
27.4143
27.5306
27.6218
27.6984
27.7616
27.8071
27.8376
27.8551
27.8614
30.7531
30.6246
30.5007
30.379
30.2572
30.1337
30.0073
29.8774
29.7439
29.6073
29.4683
29.328
29.1876
29.0484
28.9117
28.7787
28.6505
28.5281
28.4214
28.3328
28.2529
28.1808
28.1153
28.0557
28.0009
27.9502
27.9025
27.858
20.4745
20.903
21.317
21.7193
22.112
22.4971
22.877
23.2546
23.6333
24.0169
24.4096
24.8161
25.2405
25.6705
26.0695
26.4166
26.7117
26.9583
27.1613
27.3262
27.4584
27.5627
27.6435
27.7105
27.7648
27.8027
27.8264
27.8382
27.8394
30.6202
30.4938
30.3718
30.2521
30.1328
30.0122
29.8894
29.7637
29.6352
29.5043
29.3716
29.2381
29.1048
28.973
28.8437
28.7181
28.5971
28.4816
28.3806
28.2959
28.2192
28.1495
28.0861
28.0279
27.9741
27.9239
27.8764
27.8317
20.8985
21.3117
21.7097
22.0961
22.4727
22.8415
23.2046
23.5648
23.9253
24.2896
24.6616
25.0454
25.4449
25.8477
26.2199
26.5421
26.8148
27.0415
27.2271
27.3769
27.496
27.5891
27.6601
27.7181
27.7641
27.7947
27.8123
27.8185
27.8151
30.4899
30.3656
30.2457
30.1283
30.0115
29.894
29.7748
29.6534
29.5298
29.4043
29.2776
29.1506
29.024
28.8991
28.7768
28.6581
28.5438
28.4348
28.3388
28.2578
28.1841
28.1168
28.0551
27.9982
27.9452
27.8955
27.8482
27.8033
21.307
21.7045
22.0865
22.457
22.8176
23.1699
23.5163
23.8592
24.2017
24.5469
24.8985
25.2601
25.6352
26.0119
26.3583
26.6568
26.9082
27.1161
27.2852
27.4208
27.5276
27.6101
27.6719
27.7215
27.7596
27.7835
27.7951
27.7963
27.7884
30.3622
30.2403
30.1227
30.0077
29.8936
29.7791
29.6635
29.5463
29.4275
29.3073
29.1863
29.0653
28.9452
28.8267
28.711
28.5987
28.4907
28.3875
28.2964
28.2187
28.1477
28.0826
28.0225
27.9667
27.9145
27.8651
27.8179
27.7727
21.6995
22.0811
22.4475
22.8021
23.1465
23.4826
23.8123
24.1381
24.4627
24.7892
25.1207
25.4607
25.8121
26.1636
26.4853
26.7612
26.9924
27.1825
27.3361
27.4583
27.5535
27.626
27.6792
27.7208
27.7516
27.7691
27.7752
27.7716
27.7595
30.2372
30.1179
30.0028
29.8903
29.7789
29.6676
29.5556
29.4425
29.3282
29.2131
29.0975
28.9823
28.8681
28.7558
28.6461
28.5398
28.4376
28.34
28.2533
28.1787
28.1102
28.047
27.9884
27.9336
27.882
27.8329
27.7856
27.7401
22.0764
22.4422
22.7928
23.1315
23.4599
23.7797
24.0929
24.4018
24.7088
25.0168
25.3288
25.6477
25.9762
26.3034
26.6015
26.8559
27.0679
27.2412
27.3802
27.4897
27.5741
27.6371
27.6823
27.7164
27.7403
27.7518
27.7527
27.7445
27.7284
30.1153
29.9985
29.886
29.776
29.6675
29.5593
29.4509
29.3417
29.2319
29.1216
29.0113
28.9015
28.7929
28.6863
28.5823
28.4816
28.3847
28.2922
28.2095
28.1378
28.0716
28.0101
27.9528
27.8989
27.8478
27.7989
27.7515
27.7056
22.4378
22.7875
23.1223
23.4452
23.7578
24.0615
24.3584
24.6506
24.9403
25.2303
25.5232
25.8216
26.128
26.4319
26.7075
26.9414
27.1352
27.2926
27.4179
27.5155
27.5896
27.6438
27.6813
27.7083
27.7258
27.7316
27.7276
27.7151
27.6953
29.9961
29.8822
29.7722
29.665
29.5593
29.4543
29.3494
29.2441
29.1385
29.0328
28.9274
28.8227
28.7194
28.6181
28.5194
28.4238
28.3319
28.2441
28.1651
28.096
28.0319
27.972
27.9158
27.8626
27.8119
27.7631
27.7155
27.6691
22.7833
23.1171
23.4364
23.7436
24.0404
24.3283
24.6092
24.8849
25.1578
25.4301
25.7044
25.983
26.268
26.5496
26.8037
27.0181
27.1948
27.3372
27.4494
27.5358
27.6003
27.6461
27.6764
27.6969
27.7082
27.7088
27.7001
27.6836
27.6602
29.8801
29.7689
29.6617
29.5571
29.4544
29.3525
29.2509
29.1494
29.048
28.9467
28.8459
28.746
28.6476
28.5513
28.4574
28.3666
28.2793
28.1957
28.1202
28.0534
27.9911
27.9327
27.8774
27.8249
27.7744
27.7256
27.6778
27.6308
23.1132
23.4315
23.735
24.0267
24.308
24.5804
24.8455
25.1052
25.3615
25.6166
25.8728
26.1323
26.3968
26.657
26.8906
27.0866
27.247
27.3752
27.4753
27.5511
27.6064
27.6445
27.6679
27.6821
27.6877
27.6833
27.6703
27.6499
27.6231
29.7671
29.6587
29.5542
29.4524
29.3525
29.2537
29.1555
29.0576
28.9601
28.8629
28.7665
28.6712
28.5774
28.4856
28.3963
28.3099
28.2267
28.1471
28.0746
28.01
27.9494
27.8921
27.8378
27.7857
27.7354
27.6864
27.6383
27.5907
23.4277
23.7303
24.0185
24.2949
24.561
24.8181
25.0678
25.3117
25.552
25.7904
26.0291
26.2701
26.5148
26.7546
26.9687
27.1473
27.2923
27.4072
27.4956
27.5615
27.6083
27.6389
27.656
27.6643
27.6645
27.6553
27.6382
27.6141
27.5841
29.6571
29.5516
29.4498
29.3508
29.2537
29.1579
29.063
28.9686
28.8748
28.7816
28.6893
28.5982
28.5086
28.4211
28.336
28.2536
28.1742
28.0982
28.0285
27.9658
27.9066
27.8504
27.7968
27.745
27.6948
27.6456
27.5971
27.5489
23.7265
24.0139
24.287
24.5484
24.7996
25.0417
25.2763
25.505
25.7296
25.9518
26.1736
26.3968
26.6226
26.8429
27.0385
27.2005
27.331
27.4332
27.5108
27.5673
27.606
27.6297
27.6408
27.6435
27.6386
27.625
27.6039
27.5764
27.5433
29.5501
29.4475
29.3484
29.2521
29.1579
29.0651
28.9733
28.8823
28.792
28.7025
28.614
28.5268
28.4413
28.3577
28.2764
28.1977
28.1218
28.049
27.9819
27.9208
27.8629
27.8076
27.7545
27.703
27.6527
27.6033
27.5542
27.5053
24.0103
24.2827
24.5408
24.7877
25.0242
25.2517
25.4716
25.6854
25.8948
26.1013
26.3068
26.5128
26.7206
26.9222
27.1003
27.2467
27.3635
27.4538
27.5211
27.5688
27.5999
27.617
27.6224
27.6199
27.6101
27.5923
27.5675
27.5366
27.5006
29.4461
29.3463
29.25
29.1564
29.0649
28.975
28.8862
28.7984
28.7115
28.6255
28.5406
28.4571
28.3752
28.2952
28.2174
28.1421
28.0694
27.9995
27.9346
27.8751
27.8182
27.7637
27.7109
27.6596
27.6091
27.5593
27.5096
27.46
24.2791
24.5365
24.7804
25.0129
25.2352
25.4484
25.654
25.8534
26.048
26.2394
26.4292
26.6188
26.8092
26.9932
27.1545
27.2861
27.39
27.4691
27.5268
27.5662
27.5901
27.601
27.6009
27.5935
27.5792
27.5573
27.529
27.495
27.4561
29.3451
29.2481
29.1545
29.0635
28.9748
28.8876
28.8017
28.717
28.6332
28.5505
28.469
28.3889
28.3103
28.2337
28.1591
28.0868
28.0169
27.9496
27.8868
27.8285
27.7726
27.7186
27.6661
27.6147
27.5641
27.5138
27.4635
27.413
24.5334
24.7764
25.0061
25.2245
25.4328
25.6322
25.8239
26.0093
26.1896
26.3665
26.5412
26.715
26.8889
27.056
27.2016
27.3192
27.4109
27.4794
27.528
27.5595
27.5767
27.5817
27.5766
27.5645
27.5458
27.5202
27.4884
27.4515
27.4099
29.2471
29.1528
29.0617
28.9734
28.8873
28.8028
28.7197
28.6378
28.557
28.4774
28.399
28.322
28.2466
28.1729
28.1012
28.0317
27.9644
27.8994
27.8383
27.7811
27.726
27.6724
27.6201
27.5686
27.5176
27.4667
27.4157
27.3643
24.7736
25.0025
25.218
25.4227
25.6175
25.8035
25.9817
26.1535
26.3202
26.4829
26.6432
26.8019
26.96
27.1112
27.2419
27.3463
27.4264
27.485
27.525
27.5491
27.5599
27.5594
27.5495
27.5329
27.5102
27.4809
27.446
27.4061
27.3619
29.1518
29.0602
28.9717
28.8859
28.8023
28.7204
28.64
28.5608
28.4828
28.406
28.3305
28.2564
28.1838
28.1129
28.0438
27.9767
27.9117
27.8488
27.7892
27.7329
27.6783
27.6251
27.5728
27.521
27.4696
27.4182
27.3663
27.314
24.9995
25.2145
25.4167
25.6081
25.7898
25.9627
26.1279
26.2866
26.44
26.5893
26.7356
26.8799
27.0231
27.1591
27.2756
27.3675
27.4368
27.486
27.518
27.5351
27.5399
27.5342
27.5197
27.4989
27.4723
27.4395
27.4015
27.3589
27.3123
29.0592
28.9703
28.8843
28.801
28.7198
28.6403
28.5624
28.4858
28.4104
28.3363
28.2634
28.1919
28.1219
28.0534
27.9867
27.9218
27.8588
27.7977
27.7394
27.6839
27.6297
27.5766
27.5242
27.4722
27.4202
27.368
27.3154
27.262
25.2117
25.4133
25.6025
25.7809
25.9499
26.1101
26.2628
26.4089
26.5495
26.6858
26.8188
26.9495
27.0783
27.2
27.3032
27.3833
27.4424
27.4828
27.5071
27.5177
27.5168
27.5061
27.4872
27.4624
27.4322
27.3962
27.3552
27.31
27.2608
28.9694
28.8829
28.7994
28.7184
28.6395
28.5624
28.4869
28.4127
28.3397
28.268
28.1975
28.1284
28.0607
27.9945
27.9299
27.8669
27.8057
27.7461
27.6889
27.6339
27.5801
27.527
27.4744
27.4219
27.3693
27.3164
27.2628
27.2084
25.4108
25.5995
25.7756
25.9416
26.0982
26.2463
26.3868
26.5208
26.6492
26.773
26.8933
27.0109
27.1262
27.2342
27.3248
27.3939
27.4433
27.4754
27.4925
27.4969
27.4906
27.4753
27.4523
27.4237
27.3899
27.3508
27.307
27.2592
27.2077
28.8822
28.7981
28.7169
28.6382
28.5615
28.4866
28.4133
28.3413
28.2705
28.2011
28.1328
28.0659
28.0002
27.936
27.8733
27.812
27.7523
27.694
27.6377
27.5831
27.5294
27.4762
27.4233
27.3703
27.317
27.2632
27.2086
27.1531
25.597
25.7728
25.9367
26.0906
26.2353
26.3716
26.5004
26.6227
26.7393
26.8513
26.9595
27.0645
27.1669
27.2622
27.3408
27.3995
27.4398
27.4641
27.4744
27.473
27.4616
27.4418
27.4149
27.3827
27.3456
27.3034
27.2569
27.2067
27.153
28.7974
28.7157
28.6367
28.5601
28.4855
28.4127
28.3414
28.2715
28.2028
28.1354
28.0691
28.0041
27.9403
27.8779
27.8167
27.7569
27.6985
27.6413
27.5857
27.5314
27.4777
27.4243
27.3709
27.3173
27.2632
27.2085
27.1529
27.0962
25.7705
25.934
26.0861
26.2283
26.3614
26.4864
26.6039
26.715
26.8204
26.921
27.0175
27.1107
27.201
27.284
27.3515
27.4003
27.4321
27.4489
27.4529
27.446
27.4298
27.4058
27.3752
27.3395
27.2991
27.2541
27.2051
27.1524
27.0965
28.715
28.6355
28.5586
28.484
28.4114
28.3405
28.2712
28.2031
28.1364
28.0708
28.0063
27.943
27.8809
27.82
27.7602
27.7017
27.6443
27.588
27.5329
27.4787
27.4248
27.3711
27.3172
27.2629
27.208
27.1523
27.0956
27.0377
25.932
26.0837
26.2241
26.355
26.477
26.591
26.6978
26.7981
26.8927
26.9824
27.068
27.1499
27.2286
27.3002
27.3571
27.3966
27.4203
27.4302
27.4282
27.416
27.3953
27.3673
27.3331
27.2941
27.2507
27.203
27.1514
27.0964
27.0383
28.6348
28.5574
28.4825
28.4098
28.3391
28.27
28.2024
28.1362
28.0711
28.0071
27.9443
27.8825
27.8218
27.7622
27.7036
27.6461
27.5896
27.534
27.4792
27.425
27.3709
27.3167
27.2622
27.2071
27.1513
27.0946
27.0367
26.9775
26.0818
26.2219
26.3511
26.4711
26.5825
26.686
26.7824
26.8723
26.9566
27.036
27.111
27.1823
27.25
27.3108
27.3577
27.3885
27.4047
27.408
27.4003
27.3832
27.3582
27.3263
27.2887
27.2466
27.2003
27.1499
27.0959
27.0387
26.9785
28.5567
28.4814
28.4083
28.3375
28.2684
28.201
28.1351
28.0704
28.0068
27.9443
27.8829
27.8225
27.763
27.7045
27.6469
27.5902
27.5344
27.4793
27.4247
27.3703
27.3158
27.2611
27.2059
27.15
27.0931
27.0353
26.9762
26.9157
26.2201
26.3491
26.4676
26.5771
26.6782
26.7716
26.858
26.9381
27.0126
27.0821
27.1471
27.2082
27.2656
27.3161
27.3537
27.3763
27.3854
27.3825
27.3694
27.3476
27.3185
27.283
27.2422
27.1971
27.1479
27.095
27.0386
26.9792
26.917
28.4808
28.4072
28.3359
28.2667
28.1993
28.1334
28.0689
28.0056
27.9434
27.8823
27.8221
27.7628
27.7044
27.6468
27.59
27.5339
27.4785
27.4238
27.3692
27.3145
27.2596
27.2042
27.1482
27.0914
27.0335
26.9745
26.9141
26.8523
26.3474
26.4657
26.5739
26.6732
26.7645
26.8483
26.9252
26.9958
27.0609
27.1209
27.1765
27.2279
27.2756
27.3165
27.3452
27.3601
27.3624
27.3538
27.3356
27.3094
27.2763
27.2374
27.1935
27.1455
27.0937
27.0382
26.9796
26.918
26.8538
28.4065
28.3348
28.2652
28.1975
28.1315
28.067
28.0038
27.9418
27.8809
27.8208
27.7617
27.7033
27.6458
27.5889
27.5327
27.4771
27.4221
27.3674
27.3128
27.2577
27.2022
27.1461
27.0892
27.0313
26.9723
26.9121
26.8504
26.7872
26.4642
26.5722
26.6703
26.76
26.8419
26.9164
26.9841
27.0458
27.1018
27.1529
27.1994
27.2418
27.2802
27.312
27.3325
27.3401
27.3361
27.3219
27.299
27.2686
27.2318
27.1896
27.1427
27.0919
27.0374
26.9796
26.9187
26.8551
26.789
28.3341
28.264
28.1959
28.1297
28.065
28.0018
27.9398
27.8789
27.8189
27.7599
27.7016
27.644
27.5871
27.5309
27.4751
27.4198
27.3649
27.3102
27.2553
27.1997
27.1436
27.0866
27.0288
26.9698
26.9096
26.8482
26.7852
26.7205
26.571
26.6688
26.7574
26.8378
26.9106
26.9762
27.0352
27.0883
27.1358
27.1783
27.2163
27.25
27.2797
27.303
27.3157
27.3164
27.3065
27.2871
27.2596
27.2252
27.1849
27.1395
27.0897
27.0363
26.9794
26.9192
26.8562
26.7906
26.7225
28.2634
28.1947
28.128
28.0631
27.9996
27.9375
27.8765
27.8166
27.7575
27.6993
27.6417
27.5848
27.5284
27.4725
27.417
27.3618
27.3069
27.2521
27.1968
27.1406
27.0837
27.0258
26.9669
26.9069
26.8455
26.7826
26.7183
26.6522
26.668
26.756
26.8355
26.907
26.9711
27.0282
27.0789
27.1237
27.163
27.1975
27.2273
27.2529
27.2743
27.2896
27.2949
27.2892
27.2736
27.2494
27.2176
27.1794
27.1357
27.0873
27.0348
26.9787
26.9194
26.857
26.7919
26.7243
26.6543
28.1941
28.1269
28.0614
27.9976
27.9352
27.874
27.814
27.7548
27.6965
27.6389
27.5819
27.5255
27.4694
27.4138
27.3584
27.3032
27.2481
27.193
27.1372
27.0803
27.0225
26.9637
26.9037
26.8424
26.7797
26.7156
26.6497
26.5821
26.7555
26.8343
26.9049
26.9679
27.0236
27.0726
27.1153
27.1522
27.1839
27.2106
27.2327
27.2506
27.2642
27.272
27.2704
27.2586
27.2377
27.2088
27.173
27.1312
27.0843
27.033
26.9778
26.9193
26.8576
26.793
26.7258
26.6563
26.5844
28.1262
28.0602
27.9959
27.9331
27.8716
27.8113
27.752
27.6936
27.6358
27.5787
27.5221
27.466
27.4102
27.3546
27.2992
27.2438
27.1885
27.1329
27.0765
27.0188
26.96
26.9002
26.839
26.7765
26.7125
26.6469
26.5796
26.5105
26.8338
26.9038
26.9661
27.0208
27.0685
27.1097
27.1449
27.1743
27.1986
27.218
27.2328
27.2434
27.2497
27.2503
27.2422
27.2248
27.1989
27.1656
27.1259
27.0807
27.0307
26.9766
26.9188
26.8579
26.7939
26.7272
26.6581
26.5866
26.5129
28.0596
27.9947
27.9313
27.8695
27.8088
27.7492
27.6905
27.6326
27.5753
27.5186
27.4623
27.4063
27.3505
27.2949
27.2393
27.1837
27.1279
27.0718
27.0146
26.956
26.8963
26.8353
26.7729
26.709
26.6437
26.5766
26.5078
26.4372
26.9034
26.9651
27.0192
27.0661
27.1062
27.14
27.1678
27.1902
27.2074
27.2199
27.2278
27.2315
27.2309
27.2248
27.2106
27.1878
27.1572
27.1197
27.0764
27.0279
26.9749
26.9181
26.8579
26.7946
26.7285
26.6597
26.5885
26.5152
26.4397
27.994
27.9301
27.8677
27.8066
27.7466
27.6876
27.6294
27.5719
27.5149
27.4584
27.4022
27.3462
27.2904
27.2346
27.1787
27.1226
27.0663
27.0095
26.9515
26.8919
26.8311
26.7689
26.7053
26.6401
26.5733
26.5047
26.4344
26.3622
26.9648
27.0184
27.0647
27.1041
27.1369
27.1636
27.1846
27.2001
27.2107
27.2165
27.2179
27.215
27.208
27.1956
27.1757
27.1478
27.1127
27.0713
27.0244
26.9728
26.9171
26.8577
26.795
26.7295
26.6612
26.5904
26.5173
26.4421
26.3648
27.9294
27.8664
27.8048
27.7443
27.6849
27.6263
27.5685
27.5113
27.4545
27.3981
27.3419
27.2858
27.2297
27.1736
27.1173
27.0607
27.0037
26.9462
26.8872
26.8266
26.7646
26.7011
26.6362
26.5696
26.5013
26.4313
26.3594
26.2855
27.0181
27.0639
27.1029
27.1351
27.161
27.1809
27.1953
27.2044
27.2086
27.2082
27.2034
27.1943
27.1811
27.1628
27.1375
27.1048
27.0655
27.0204
26.9702
26.9156
26.8571
26.7952
26.7303
26.6625
26.5921
26.5193
26.4443
26.3672
26.2882
27.8658
27.8035
27.7425
27.6825
27.6235
27.5653
27.5077
27.4507
27.3939
27.3375
27.2811
27.2248
27.1685
27.1119
27.055
26.9977
26.94
26.8816
26.8217
26.7599
26.6967
26.6319
26.5655
26.4975
26.4277
26.3561
26.2827
26.2072
27.0636
27.1023
27.1341
27.1594
27.1787
27.1922
27.2003
27.2032
27.2014
27.195
27.1843
27.1695
27.1505
27.1266
27.0962
27.059
27.0157
26.967
26.9137
26.8562
26.7951
26.7308
26.6636
26.5937
26.5212
26.4465
26.3696
26.2907
26.2099
27.8029
27.7412
27.6807
27.6212
27.5625
27.5045
27.447
27.3899
27.3332
27.2765
27.22
27.1633
27.1065
27.0494
26.9918
26.9338
26.8752
26.8158
26.7548
26.6918
26.6273
26.5612
26.4934
26.4239
26.3525
26.2794
26.2043
26.1272
27.1021
27.1336
27.1586
27.1774
27.1903
27.1977
27.1997
27.1969
27.1893
27.1773
27.1611
27.1407
27.1163
27.0871
27.0519
27.0104
26.9634
26.9113
26.8549
26.7947
26.731
26.6644
26.595
26.523
26.4485
26.3719
26.2931
26.2125
26.1299
27.7405
27.6794
27.6193
27.56
27.5015
27.4436
27.3862
27.329
27.2721
27.2152
27.1582
27.1011
27.0437
26.9859
26.9277
26.8688
26.8092
26.7488
26.6866
26.6223
26.5565
26.489
26.4197
26.3486
26.2758
26.201
26.1243
26.0455
27.1335
27.1583
27.1768
27.1893
27.1961
27.1976
27.194
27.1856
27.1726
27.1552
27.1337
27.1081
27.0786
27.0444
27.0047
26.9592
26.9085
26.8533
26.794
26.7311
26.665
26.5961
26.5245
26.4505
26.3741
26.2955
26.215
26.1325
26.0482
27.6787
27.6179
27.5581
27.4991
27.4407
27.3828
27.3252
27.2679
27.2106
27.1533
27.0959
27.0382
26.9802
26.9216
26.8625
26.8026
26.742
26.6804
26.617
26.5514
26.4842
26.4152
26.3444
26.2718
26.1973
26.1209
26.0425
25.9621
27.1581
27.1765
27.1888
27.1953
27.1964
27.1923
27.1833
27.1695
27.1513
27.1289
27.1024
27.0719
27.0375
26.9987
26.9547
26.9054
26.8513
26.793
26.7309
26.6655
26.597
26.5259
26.4522
26.3762
26.2978
26.2174
26.135
26.0508
25.9648
27.6173
27.5568
27.4972
27.4382
27.3797
27.3217
27.2639
27.2063
27.1486
27.0909
27.0329
26.9745
26.9157
26.8563
26.7962
26.7353
26.6735
26.6108
26.546
26.4791
26.4104
26.3399
26.2676
26.1934
26.1173
26.0392
25.9591
25.877
27.1764
27.1886
27.195
27.1958
27.1914
27.182
27.1677
27.1489
27.1258
27.0986
27.0673
27.0322
26.9932
26.95
26.902
26.8491
26.7917
26.7305
26.6657
26.5978
26.5271
26.4538
26.3781
26.3001
26.2198
26.1375
26.0534
25.9674
25.8797
27.5561
27.4958
27.4362
27.3772
27.3187
27.2604
27.2023
27.1442
27.0861
27.0277
26.9691
26.9099
26.8502
26.7899
26.7288
26.6668
26.6038
26.5397
26.4737
26.4053
26.3351
26.2631
26.1892
26.1134
26.0356
25.9558
25.8741
25.7902
27.1885
27.1948
27.1956
27.191
27.1813
27.1668
27.1476
27.124
27.0963
27.0644
27.0287
26.9891
26.9458
26.8985
26.8466
26.7903
26.7299
26.6658
26.5984
26.5282
26.4552
26.3798
26.3021
26.2222
26.14
26.0559
25.97
25.8823
25.7929
27.4952
27.4349
27.3753
27.3161
27.2573
27.1987
27.1402
27.0817
27.0229
26.9639
26.9044
26.8444
26.7838
26.7224
26.6602
26.597
26.5327
26.4673
26.3998
26.33
26.2583
26.1847
26.1092
26.0317
25.9522
25.8708
25.7873
25.7016
27.1948
27.1955
27.1909
27.1811
27.1664
27.147
27.1231
27.095
27.0627
27.0266
26.9866
26.9428
26.8954
26.8441
26.7887
26.7291
26.6657
26.599
26.5291
26.4565
26.3814
26.3039
26.2243
26.1424
26.0585
25.9726
25.8849
25.7955
25.7043
27.4342
27.3739
27.3142
27.2548
27.1956
27.1366
27.0776
27.0184
26.959
26.8992
26.8389
26.7779
26.7163
26.6538
26.5904
26.5259
26.4603
26.3935
26.3245
26.2531
26.1799
26.1047
26.0275
25.9483
25.8672
25.784
25.6988
25.6114
27.1955
27.1909
27.1811
27.1663
27.1468
27.1228
27.0944
27.0619
27.0255
26.9851
26.9411
26.8934
26.8421
26.7871
26.7282
26.6656
26.5994
26.53
26.4578
26.383
26.3057
26.2263
26.1447
26.0609
25.9751
25.8875
25.7981
25.7069
25.614
27.3732
27.3129
27.2528
27.1931
27.1335
27.074
27.0144
26.9545
26.8943
26.8336
26.7723
26.7104
26.6476
26.584
26.5193
26.4535
26.3865
26.3182
26.2477
26.1748
26.0999
26.023
25.9442
25.8634
25.7805
25.6956
25.6086
25.5194
27.191
27.1812
27.1664
27.1469
27.1228
27.0944
27.0617
27.0251
26.9846
26.9403
26.8924
26.841
26.786
26.7275
26.6654
26.5997
26.5309
26.459
26.3845
26.3075
26.2282
26.1467
26.0632
25.9777
25.89
25.8006
25.7095
25.6166
25.522
27.3122
27.2515
27.1911
27.1309
27.0709
27.0107
26.9504
26.8898
26.8287
26.7671
26.7048
26.6417
26.5778
26.5129
26.4469
26.3797
26.3113
26.2414
26.1694
26.0948
26.0183
25.9398
25.8593
25.7767
25.6921
25.6054
25.5167
25.4257
27.1812
27.1665
27.147
27.123
27.0946
27.0619
27.0252
26.9846
26.9402
26.8922
26.8407
26.7857
26.7272
26.6654
26.6002
26.5317
26.4602
26.386
26.3092
26.2301
26.1488
26.0654
25.98
25.8926
25.8032
25.712
25.6191
25.5246
25.4283
27.2509
27.1897
27.129
27.0683
27.0076
26.9468
26.8857
26.8242
26.7622
26.6996
26.6362
26.572
26.5068
26.4405
26.3732
26.3045
26.2346
26.1632
26.0895
26.0133
25.9351
25.8549
25.7727
25.6884
25.602
25.5136
25.423
25.3303
27.1666
27.1472
27.1232
27.0949
27.0623
27.0256
26.985
26.9406
26.8926
26.841
26.786
26.7276
26.6658
26.6008
26.5326
26.4615
26.3875
26.311
26.232
26.1508
26.0675
25.9822
25.8949
25.8057
25.7146
25.6217
25.5271
25.4308
25.3328
27.1894
27.1276
27.0663
27.0051
26.9437
26.8821
26.8202
26.7577
26.6947
26.631
26.5664
26.5009
26.4345
26.3668
26.298
26.2279
26.1564
26.0834
26.0081
25.9302
25.8503
25.7684
25.6844
25.5983
25.5102
25.42
25.3276
25.2331
27.1472
27.1234
27.0952
27.0627
27.0261
26.9855
26.9412
26.8932
26.8417
26.7867
26.7284
26.6667
26.6018
26.5338
26.4629
26.3891
26.3127
26.2339
26.1528
26.0696
25.9844
25.8972
25.8081
25.7171
25.6242
25.5296
25.4332
25.3353
25.2356
27.1274
27.0649
27.0031
26.9412
26.879
26.8166
26.7537
26.6902
26.6261
26.5612
26.4955
26.4287
26.3608
26.2918
26.2215
26.1498
26.0767
26.002
25.925
25.8455
25.7639
25.6802
25.5945
25.5066
25.4167
25.3247
25.2305
25.1342
27.1235
27.0954
27.0631
27.0266
26.9862
26.942
26.8941
26.8426
26.7878
26.7295
26.668
26.6033
26.5354
26.4645
26.3909
26.3146
26.2359
26.1549
26.0718
25.9866
25.8994
25.8104
25.7195
25.6267
25.5321
25.4357
25.3377
25.238
25.1366
27.0649
27.0018
26.9392
26.8765
26.8135
26.7502
26.6863
26.6217
26.5565
26.4903
26.4233
26.3551
26.2859
26.2153
26.1435
26.0702
25.9954
25.9191
25.8404
25.7591
25.6758
25.5904
25.5028
25.4132
25.3215
25.2276
25.1317
25.0335
27.0955
27.0634
27.027
26.9868
26.9427
26.895
26.8437
26.7889
26.7308
26.6695
26.605
26.5373
26.4665
26.3929
26.3167
26.2381
26.1571
26.074
25.9888
25.9017
25.8126
25.7218
25.6291
25.5346
25.4381
25.3401
25.2403
25.1389
25.0359
27.0017
26.9379
26.8746
26.8111
26.7471
26.6828
26.6178
26.5521
26.4856
26.4182
26.3498
26.2802
26.2095
26.1374
26.064
25.9891
25.9127
25.8346
25.7541
25.6711
25.586
25.4988
25.4095
25.318
25.2245
25.1289
25.0311
24.9311
27.0635
27.0274
26.9872
26.9433
26.8958
26.8447
26.7901
26.7322
26.6711
26.6067
26.5393
26.4688
26.3953
26.3191
26.2404
26.1595
26.0763
25.9912
25.904
25.8149
25.724
25.6314
25.5369
25.4406
25.3425
25.2427
25.1412
25.0382
24.9334
26.9378
26.8733
26.8092
26.7447
26.6798
26.6143
26.5482
26.4813
26.4135
26.3448
26.275
26.204
26.1317
26.0581
25.983
25.9064
25.8283
25.7485
25.6663
25.5815
25.4946
25.4056
25.3144
25.2212
25.1258
25.0283
24.9287
24.8269
27.0275
26.9875
26.9439
26.8965
26.8456
26.7912
26.7335
26.6726
26.6085
26.5413
26.4711
26.3979
26.3218
26.2431
26.162
26.0788
25.9936
25.9064
25.8173
25.7264
25.6336
25.5392
25.4429
25.3449
25.245
25.1435
25.0404
24.9356
24.8291
26.8732
26.8079
26.7428
26.6774
26.6114
26.5448
26.4775
26.4093
26.3402
26.2701
26.1988
26.1263
26.0524
25.9772
25.9005
25.8222
25.7423
25.6607
25.5767
25.4901
25.4014
25.3106
25.2177
25.1226
25.0254
24.9261
24.8246
24.721
26.9877
26.9442
26.897
26.8464
26.7922
26.7348
26.6741
26.6102
26.5433
26.4734
26.4005
26.3247
26.2461
26.1649
26.0816
25.9962
25.909
25.8198
25.7288
25.636
25.5414
25.4452
25.3472
25.2474
25.1458
25.0426
24.9378
24.8313
24.7231
26.8077
26.7415
26.6755
26.609
26.5419
26.4741
26.4055
26.336
26.2656
26.194
26.1212
26.0471
25.9717
25.8948
25.8164
25.7364
25.6547
25.5713
25.4855
25.3971
25.3066
25.2139
25.1191
25.0222
24.9232
24.822
24.7187
24.6133
26.9444
26.8974
26.847
26.793
26.7358
26.6754
26.6118
26.5451
26.4755
26.4029
26.3275
26.2492
26.1682
26.0847
25.9991
25.9117
25.8224
25.7313
25.6384
25.5438
25.4474
25.3494
25.2497
25.1482
25.0449
24.94
24.8334
24.7252
24.6153
26.7413
26.6742
26.6072
26.5396
26.4713
26.4022
26.3323
26.2615
26.1896
26.1165
26.0421
25.9665
25.8894
25.8108
25.7307
25.6489
25.5655
25.4802
25.3926
25.3024
25.21
25.1155
25.0189
24.9201
24.8192
24.7162
24.6111
24.5038
26.8976
26.8473
26.7937
26.7367
26.6765
26.6132
26.5468
26.4774
26.4052
26.3301
26.2522
26.1715
26.0881
26.0024
25.9147
25.8252
25.7339
25.6409
25.5462
25.4498
25.3516
25.2518
25.1504
25.0472
24.9421
24.8355
24.7273
24.6173
24.5058
26.674
26.6059
26.5378
26.469
26.3995
26.3291
26.2579
26.1856
26.1122
26.0375
25.9616
25.8843
25.8056
25.7253
25.6434
25.5598
25.4746
25.3875
25.298
25.2059
25.1117
25.0154
24.9169
24.8163
24.7135
24.6086
24.5016
24.3925
26.8475
26.7941
26.7373
26.6774
26.6143
26.5482
26.4792
26.4072
26.3324
26.2549
26.1746
26.0916
26.006
25.918
25.8283
25.7368
25.6436
25.5487
25.4522
25.3539
25.254
25.1525
25.0493
24.9444
24.8376
24.7293
24.6193
24.5077
24.3944
26.6056
26.5366
26.4672
26.3972
26.3264
26.2547
26.182
26.1083
26.0333
25.9571
25.8796
25.8006
25.7202
25.6381
25.5545
25.4691
25.382
25.293
25.2017
25.1078
25.0117
24.9135
24.8132
24.7107
24.606
24.4993
24.3904
24.2794
26.7942
26.7377
26.678
26.6152
26.5494
26.4806
26.409
26.3345
26.2573
26.1774
26.0947
26.0095
25.9217
25.8317
25.7399
25.6465
25.5514
25.4547
25.3563
25.2563
25.1547
25.0514
24.9464
24.8398
24.7314
24.6213
24.5096
24.3963
24.2813
26.5362
26.466
26.3955
26.3242
26.252
26.1789
26.1048
26.0295
25.953
25.8752
25.796
25.7154
25.6332
25.5494
25.4639
25.3767
25.2877
25.1969
25.1037
25.0079
24.91
24.8099
24.7076
24.6033
24.4968
24.3882
24.2774
24.1646
26.7379
26.6784
26.6159
26.5503
26.4818
26.4105
26.3363
26.2594
26.1799
26.0976
26.0128
25.9254
25.8355
25.7434
25.6496
25.5543
25.4573
25.3588
25.2586
25.1569
25.0535
24.9485
24.8418
24.7334
24.6233
24.5115
24.3982
24.2831
24.1664
26.4656
26.3943
26.3225
26.2499
26.1763
26.1018
26.0261
25.9493
25.8712
25.7918
25.7109
25.6285
25.5445
25.4589
25.3716
25.2826
25.1917
25.099
25.0039
24.9062
24.8064
24.7045
24.6004
24.4941
24.3857
24.2753
24.1627
24.0479
26.6786
26.6163
26.551
26.4828
26.4117
26.3379
26.2613
26.182
26.1002
26.0157
25.9287
25.8392
25.7472
25.6531
25.5574
25.4602
25.3614
25.2611
25.1592
25.0557
24.9505
24.8438
24.7354
24.6253
24.5135
24.4
24.2849
24.1681
24.0496
26.3939
26.3213
26.2482
26.1742
26.0992
26.0232
25.946
25.8676
25.7879
25.7067
25.6241
25.54
25.4543
25.3669
25.2777
25.1868
25.094
24.9994
24.9024
24.8028
24.7011
24.5973
24.4913
24.3832
24.2729
24.1606
24.0461
23.9295
26.6165
26.5514
26.4835
26.4127
26.3391
26.2629
26.1839
26.1024
26.0183
25.9316
25.8425
25.7509
25.657
25.561
25.4634
25.3643
25.2637
25.1616
25.0579
24.9527
24.8458
24.7373
24.6272
24.5154
24.4019
24.2867
24.1698
24.0513
23.9311
26.321
26.2471
26.1726
26.0972
26.0207
25.9432
25.8644
25.7844
25.703
25.6201
25.5358
25.4499
25.3623
25.2731
25.1821
25.0893
24.9946
24.8981
24.7991
24.6977
24.5941
24.4884
24.3805
24.2704
24.1583
24.0441
23.9277
23.8092
26.5516
26.4839
26.4134
26.3401
26.2641
26.1855
26.1043
26.0205
25.9342
25.8455
25.7543
25.6607
25.5648
25.4669
25.3674
25.2665
25.1642
25.0603
24.9549
24.8479
24.7393
24.6291
24.5172
24.4037
24.2884
24.1715
24.053
23.9328
23.8108
26.2467
26.1715
26.0956
26.0187
25.9407
25.8616
25.7812
25.6995
25.6165
25.5319
25.4458
25.3581
25.2687
25.1776
25.0847
24.99
24.8934
24.7949
24.6941
24.5908
24.4853
24.3776
24.2678
24.1559
24.0419
23.9258
23.8075
23.6872
26.4841
26.4138
26.3408
26.2651
26.1867
26.1058
26.0224
25.9365
25.8481
25.7573
25.6641
25.5685
25.4707
25.3709
25.2696
25.1669
25.0628
24.9572
24.85
24.7413
24.631
24.5191
24.4055
24.2902
24.1733
24.0546
23.9343
23.8124
23.6887
26.1711
26.0945
26.0172
25.9388
25.8593
25.7785
25.6965
25.6131
25.5283
25.442
25.3541
25.2646
25.1733
25.0804
24.9856
24.889
24.7905
24.6901
24.5873
24.482
24.3746
24.2651
24.1534
24.0396
23.9237
23.8057
23.6856
23.5633
26.414
26.3412
26.2658
26.1877
26.1071
26.024
25.9384
25.8503
25.7599
25.667
25.5719
25.4744
25.3747
25.2731
25.17
25.0655
24.9596
24.8523
24.7434
24.6329
24.5209
24.4072
24.292
24.175
24.0563
23.9359
23.8139
23.6902
23.5648
26.0941
26.0161
25.9373
25.8574
25.7763
25.6939
25.6102
25.5251
25.4386
25.3505
25.2608
25.1694
25.0763
24.9814
24.8848
24.7862
24.6858
24.5834
24.4787
24.3716
24.2622
24.1508
24.0372
23.9215
23.8036
23.6838
23.5618
23.4376
26.3414
26.2662
26.1884
26.1081
26.0252
25.9399
25.8522
25.7621
25.6696
25.5748
25.4777
25.3783
25.2768
25.1734
25.0685
24.9623
24.8547
24.7456
24.6349
24.5228
24.409
24.2936
24.1766
24.0579
23.9375
23.8154
23.6917
23.5662
23.439
26.0157
25.9363
25.8559
25.7744
25.6917
25.6077
25.5223
25.4355
25.3471
25.2572
25.1657
25.0725
24.9775
24.8807
24.7821
24.6817
24.5793
24.475
24.3683
24.2593
24.148
24.0347
23.9192
23.8015
23.6818
23.56
23.4361
23.3101
26.2664
26.1888
26.1087
26.0262
25.9412
25.8537
25.764
25.6718
25.5774
25.4806
25.3816
25.2804
25.177
25.0718
24.9652
24.8573
24.7479
24.6371
24.5247
24.4108
24.2953
24.1783
24.0595
23.9391
23.8169
23.6931
23.5676
23.4404
23.3114
25.9358
25.8549
25.773
25.6899
25.6055
25.5198
25.4327
25.3442
25.254
25.1623
25.0689
24.9738
24.877
24.7783
24.6778
24.5754
24.4711
24.3648
24.2562
24.1452
24.032
23.9167
23.7993
23.6798
23.5582
23.4345
23.3087
23.1807
26.189
26.1092
26.0269
25.9421
25.855
25.7655
25.6737
25.5796
25.4832
25.3845
25.2836
25.1806
25.0754
24.9685
24.8601
24.7504
24.6393
24.5268
24.4127
24.2971
24.1799
24.0611
23.9406
23.8184
23.6946
23.569
23.4418
23.3128
23.182
25.8545
25.772
25.6885
25.6038
25.5178
25.4304
25.3415
25.2511
25.1592
25.0656
24.9704
24.8734
24.7747
24.6741
24.5716
24.4673
24.361
24.2528
24.1422
24.0293
23.9142
23.797
23.6777
23.5562
23.4327
23.3071
23.1794
23.0496
26.1094
26.0273
25.9428
25.8559
25.7667
25.6752
25.5814
25.4853
25.387
25.2865
25.1838
25.0789
24.972
24.8633
24.7532
24.6418
24.529
24.4147
24.2989
24.1816
24.0627
23.9421
23.8199
23.696
23.5704
23.4431
23.314
23.1833
23.0508
25.7716
25.6876
25.6025
25.5161
25.4284
25.3392
25.2486
25.1564
25.0627
24.9673
24.8701
24.7712
24.6706
24.5681
24.4637
24.3574
24.2491
24.1389
24.0264
23.9116
23.7945
23.6754
23.5542
23.4308
23.3054
23.1779
23.0483
22.9166
26.0275
25.9432
25.8566
25.7676
25.6764
25.5829
25.4871
25.3891
25.2889
25.1866
25.082
24.9754
24.8667
24.7563
24.6445
24.5313
24.4168
24.3008
24.1833
24.0643
23.9436
23.8213
23.6974
23.5718
23.4444
23.3153
23.1845
23.052
22.9178
25.6871
25.6016
25.5148
25.4267
25.3373
25.2464
25.154
25.06
24.9644
24.8671
24.7681
24.6673
24.5647
24.4603
24.3539
24.2457
24.1355
24.0233
23.9088
23.792
23.6731
23.5521
23.4289
23.3036
23.1762
23.0468
22.9153
22.7817
25.9434
25.857
25.7683
25.6773
25.5841
25.4886
25.3909
25.291
25.189
25.0848
24.9784
24.87
24.7596
24.6475
24.534
24.4191
24.3029
24.1852
24.066
23.9452
23.8228
23.6988
23.5731
23.4457
23.3166
23.1857
23.0532
22.9189
22.7829
25.6011
25.5139
25.4255
25.3357
25.2445
25.1518
25.0576
24.9618
24.8643
24.7652
24.6643
24.5616
24.457
24.3506
24.2424
24.1321
24.02
23.9059
23.7894
23.6707
23.5498
23.4268
23.3017
23.1745
23.0453
22.9139
22.7805
22.645
25.8572
25.7687
25.678
25.585
25.4898
25.3924
25.2928
25.191
25.0871
24.9811
24.873
24.7629
24.6507
24.5368
24.4216
24.3051
24.1872
24.0678
23.9468
23.8243
23.7002
23.5744
23.447
23.3178
23.1869
23.0543
22.92
22.784
22.6461
25.5135
25.4247
25.3345
25.243
25.15
25.0556
24.9595
24.8619
24.7625
24.6615
24.5587
24.454
24.3476
24.2392
24.129
24.0168
23.9027
23.7866
23.6682
23.5475
23.4247
23.2997
23.1727
23.0436
22.9124
22.7792
22.6439
22.5065
25.7689
25.6784
25.5856
25.4906
25.3935
25.2942
25.1927
25.0891
24.9834
24.8756
24.7658
24.6539
24.54
24.4244
24.3075
24.1893
24.0697
23.9485
23.8259
23.7016
23.5758
23.4483
23.319
23.1882
23.0555
22.9211
22.785
22.6472
22.5075
25.4242
25.3337
25.2419
25.1486
25.0538
24.9575
24.8597
24.7601
24.6589
24.556
24.4512
24.3447
24.2363
24.126
24.0138
23.8996
23.7835
23.6655
23.5451
23.4225
23.2977
23.1709
23.0419
22.9109
22.7778
22.6426
22.5054
22.3661
25.6786
25.586
25.4913
25.3944
25.2953
25.1941
25.0908
24.9854
24.8779
24.7683
24.6567
24.5431
24.4275
24.3102
24.1916
24.0717
23.9503
23.8275
23.7031
23.5772
23.4496
23.3203
23.1893
23.0567
22.9222
22.7861
22.6482
22.5085
22.3671
25.3332
25.2411
25.1475
25.0524
24.9559
24.8578
24.758
24.6566
24.5535
24.4487
24.342
24.2335
24.1232
24.0109
23.8968
23.7806
23.6626
23.5425
23.4202
23.2956
23.1689
23.0401
22.9092
22.7763
22.6412
22.5042
22.365
22.2238
25.5862
25.4916
25.395
25.2962
25.1952
25.0922
24.987
24.8798
24.7705
24.6592
24.5458
24.4305
24.3132
24.1943
24.074
23.9523
23.8292
23.7047
23.5786
23.4509
23.3215
23.1905
23.0578
22.9233
22.7871
22.6492
22.5095
22.368
22.2248
25.2406
25.1467
25.0514
24.9545
24.8562
24.7562
24.6546
24.5514
24.4463
24.3396
24.231
24.1205
24.0082
23.894
23.7779
23.6598
23.5398
23.4177
23.2934
23.1669
23.0382
22.9075
22.7747
22.6398
22.5029
22.3639
22.2228
22.0797
25.4918
25.3954
25.2968
25.1961
25.0933
24.9884
24.8814
24.7724
24.6613
24.5482
24.4331
24.3161
24.1971
24.0765
23.9545
23.8311
23.7064
23.5801
23.4522
23.3227
23.1916
23.0589
22.9244
22.7882
22.6502
22.5105
22.369
22.2257
22.0806
25.1463
25.0506
24.9535
24.8549
24.7547
24.6529
24.5494
24.4443
24.3373
24.2286
24.1181
24.0057
23.8914
23.7753
23.6572
23.5371
23.4151
23.291
23.1648
23.0363
22.9057
22.7731
22.6383
22.5015
22.3626
22.2217
22.0787
21.9337
25.3955
25.2972
25.1967
25.0941
24.9894
24.8827
24.774
24.6632
24.5503
24.4355
24.3187
24.1999
24.0792
23.9569
23.8332
23.7082
23.5817
23.4537
23.3241
23.1929
23.06
22.9254
22.7892
22.6512
22.5114
22.3699
22.2266
22.0815
21.9346
25.0502
24.9528
24.8539
24.7534
24.6514
24.5477
24.4424
24.3353
24.2265
24.1159
24.0034
23.889
23.7728
23.6547
23.5346
23.4126
23.2885
23.1625
23.0343
22.9039
22.7714
22.6368
22.5001
22.3613
22.2205
22.0777
21.9328
21.7859
25.2974
25.197
25.0947
24.9903
24.8838
24.7752
24.6647
24.5521
24.4375
24.321
24.2024
24.0819
23.9596
23.8356
23.7102
23.5835
23.4552
23.3254
23.1941
23.0611
22.9265
22.7902
22.6521
22.5124
22.3708
22.2274
22.0823
21.9354
21.7867
24.9524
24.8532
24.7525
24.6502
24.5463
24.4408
24.3335
24.2246
24.1138
24.0012
23.8868
23.7705
23.6523
23.5323
23.4102
23.2861
23.1602
23.0322
22.902
22.7696
22.6351
22.4986
22.36
22.2193
22.0765
21.9318
21.785
21.6361
25.1972
25.095
24.9908
24.8846
24.7763
24.6659
24.5536
24.4393
24.3229
24.2046
24.0844
23.9622
23.8381
23.7124
23.5854
23.4569
23.3269
23.1954
23.0623
22.9276
22.7912
22.6531
22.5133
22.3717
22.2283
22.0831
21.9362
21.7875
21.6369
24.8528
24.7518
24.6493
24.5452
24.4394
24.332
24.2229
24.112
23.9993
23.8848
23.7684
23.6502
23.53
23.4079
23.2839
23.1579
23.0299
22.9
22.7678
22.6335
22.4971
22.3586
22.218
22.0754
21.9307
21.784
21.6353
21.4845
25.0952
24.9912
24.8851
24.777
24.6669
24.5548
24.4407
24.3246
24.2066
24.0865
23.9645
23.8406
23.7149
23.5875
23.4587
23.3285
23.1968
23.0636
22.9288
22.7923
22.6541
22.5142
22.3725
22.2292
22.084
21.937
21.7882
21.6377
21.4852
24.7514
24.6487
24.5443
24.4383
24.3307
24.2214
24.1104
23.9975
23.8829
23.7664
23.6481
23.5279
23.4058
23.2817
23.1557
23.0277
22.8978
22.7659
22.6317
22.4955
22.3571
22.2166
22.0741
21.9296
21.783
21.6344
21.4837
21.3309
24.9913
24.8854
24.7776
24.6677
24.5558
24.4419
24.326
24.2082
24.0884
23.9666
23.8429
23.7173
23.5899
23.4608
23.3303
23.1984
23.0649
22.93
22.7934
22.6551
22.5151
22.3734
22.23
22.0848
21.9378
21.789
21.6384
21.486
21.3317
24.6483
24.5437
24.4375
24.3297
24.2202
24.1089
23.996
23.8812
23.7647
23.6463
23.526
23.4038
23.2797
23.1537
23.0257
22.8957
22.7638
22.6299
22.4938
22.3556
22.2152
22.0728
21.9284
21.7819
21.6334
21.4828
21.3302
21.1755
24.8856
24.7779
24.6682
24.5565
24.4429
24.3272
24.2096
24.09
23.9684
23.8449
23.7195
23.5923
23.4631
23.3323
23.2001
23.0664
22.9312
22.7945
22.6561
22.5161
22.3743
22.2308
22.0856
21.9386
21.7897
21.6391
21.4867
21.3324
21.1762
24.5433
24.4369
24.3289
24.2192
24.1078
23.9946
23.8798
23.7631
23.6446
23.5242
23.402
23.2778
23.1518
23.0237
22.8938
22.7619
22.628
22.4921
22.354
22.2138
22.0715
21.9272
21.7808
21.6324
21.4819
21.3294
21.1748
21.0182
24.778
24.6685
24.557
24.4436
24.3281
24.2107
24.0913
23.97
23.8467
23.7215
23.5944
23.4654
23.3344
23.202
23.068
22.9326
22.7957
22.6572
22.5171
22.3752
22.2317
22.0864
21.9393
21.7905
21.6398
21.4873
21.333
21.1769
21.0189
24.4365
24.3283
24.2184
24.1068
23.9935
23.8785
23.7617
23.6431
23.5226
23.4003
23.2761
23.15
23.0219
22.8919
22.76
22.6261
22.4902
22.3523
22.2123
22.0701
21.9259
21.7796
21.6313
21.4809
21.3285
21.174
21.0175
20.859
24.6687
24.5574
24.4441
24.3288
24.2116
24.0924
23.9713
23.8482
23.7232
23.5963
23.4674
23.3366
23.2041
23.0699
22.9342
22.7971
22.6584
22.5181
22.3762
22.2325
22.0872
21.9401
21.7912
21.6405
21.488
21.3337
21.1775
21.0195
20.8597
24.3279
24.2178
24.1061
23.9926
23.8774
23.7604
23.6417
23.5212
23.3988
23.2745
23.1483
23.0202
22.8902
22.7583
22.6243
22.4884
22.3506
22.2107
22.0687
21.9246
21.7784
21.6302
21.4799
21.3275
21.1732
21.0168
20.8584
20.6979
24.5575
24.4444
24.3293
24.2123
24.0933
23.9724
23.8495
23.7247
23.5979
23.4692
23.3386
23.2062
23.0719
22.9359
22.7986
22.6597
22.5192
22.3772
22.2334
22.088
21.9408
21.7919
21.6412
21.4887
21.3343
21.1781
21.0201
20.8603
20.6985
24.2175
24.1056
23.9919
23.8765
23.7594
23.6406
23.5199
23.3974
23.273
23.1468
23.0186
22.8886
22.7566
22.6227
22.4868
22.3489
22.209
22.0672
21.9232
21.7772
21.629
21.4788
21.3266
21.1723
21.016
20.8577
20.6973
20.5349
24.4445
24.3296
24.2127
24.094
23.9732
23.8505
23.7259
23.5994
23.4708
23.3404
23.2081
23.0739
22.9379
22.8002
22.6611
22.5205
22.3783
22.2344
22.0889
21.9416
21.7927
21.6419
21.4893
21.335
21.1787
21.0207
20.8609
20.6991
20.5355
24.1052
23.9914
23.8759
23.7586
23.6396
23.5188
23.3962
23.2717
23.1454
23.0172
22.8871
22.7551
22.6211
22.4852
22.3473
22.2075
22.0656
21.9218
21.7759
21.6278
21.4777
21.3255
21.1713
21.0151
20.8569
20.6966
20.5343
20.37
24.3297
24.213
24.0944
23.9738
23.8513
23.7269
23.6005
23.4722
23.342
23.2098
23.0758
22.9398
22.8021
22.6627
22.5218
22.3794
22.2354
22.0898
21.9424
21.7934
21.6426
21.49
21.3356
21.1794
21.0213
20.8614
20.6997
20.536
20.3705
23.9911
23.8754
23.7579
23.6388
23.5179
23.3951
23.2705
23.1441
23.0159
22.8857
22.7536
22.6196
22.4837
22.3458
22.2059
22.0641
21.9203
21.7745
21.6266
21.4766
21.3245
21.1704
21.0142
20.8561
20.6959
20.5337
20.3694
20.203
24.2132
24.0947
23.9743
23.852
23.7277
23.6015
23.4734
23.3433
23.2113
23.0774
22.9416
22.804
22.6645
22.5234
22.3807
22.2365
22.0908
21.9433
21.7942
21.6433
21.4907
21.3362
21.1799
21.0219
20.862
20.7002
20.5366
20.371
20.2036
23.8751
23.7575
23.6382
23.5171
23.3942
23.2695
23.143
23.0147
22.8844
22.7523
22.6183
22.4823
22.3444
22.2045
22.0627
21.9189
21.7731
21.6253
21.4754
21.3234
21.1694
21.0133
20.8552
20.6951
20.5329
20.3688
20.2025
20.0342
24.0948
23.9746
23.8524
23.7283
23.6023
23.4743
23.3444
23.2126
23.0789
22.9432
22.8057
22.6663
22.5251
22.3822
22.2378
22.0918
21.9443
21.795
21.6441
21.4913
21.3368
21.1805
21.0224
20.8625
20.7007
20.5371
20.3715
20.2041
20.0347
23.7572
23.6378
23.5165
23.3935
23.2687
23.1421
23.0136
22.8833
22.7511
22.617
22.481
22.3431
22.2032
22.0613
21.9175
21.7718
21.624
21.4742
21.3223
21.1684
21.0124
20.8544
20.6943
20.5322
20.3681
20.2019
20.0337
19.8635
23.9747
23.8527
23.7287
23.6029
23.4751
23.3453
23.2137
23.0801
22.9446
22.8073
22.668
22.5268
22.3839
22.2392
22.093
21.9453
21.7959
21.6449
21.4921
21.3375
21.1811
21.023
20.863
20.7013
20.5376
20.372
20.2045
20.0352
19.864
23.6374
23.5161
23.393
23.268
23.1413
23.0127
22.8823
22.7501
22.6159
22.4798
22.3419
22.2019
22.0601
21.9162
21.7705
21.6227
21.4729
21.3212
21.1673
21.0114
20.8535
20.6935
20.5314
20.3674
20.2013
20.0331
19.863
19.6908
23.8528
23.729
23.6033
23.4757
23.3461
23.2146
23.0812
22.9459
22.8086
22.6695
22.5285
22.3855
22.2408
22.0944
21.9464
21.7969
21.6457
21.4928
21.3382
21.1818
21.0236
20.8636
20.7018
20.5381
20.3725
20.205
20.0357
19.8644
19.6913
23.5158
23.3926
23.2675
23.1406
23.012
22.8815
22.7491
22.6149
22.4788
22.3407
22.2008
22.0589
21.915
21.7693
21.6215
21.4717
21.32
21.1662
21.0104
20.8526
20.6926
20.5307
20.3667
20.2006
20.0325
19.8624
19.6903
19.5162
23.7291
23.6036
23.4761
23.3466
23.2153
23.0821
22.9469
22.8098
22.6708
22.5299
22.3871
22.2424
22.0959
21.9478
21.798
21.6467
21.4937
21.3389
21.1825
21.0242
20.8642
20.7023
20.5385
20.373
20.2055
20.0361
19.8649
19.6917
19.5166
23.3923
23.2671
23.1401
23.0113
22.8807
22.7483
22.614
22.4778
22.3397
22.1997
22.0578
21.9139
21.7681
21.6203
21.4706
21.3188
21.1651
21.0094
20.8516
20.6918
20.5298
20.3659
20.1999
20.0319
19.8619
19.6898
19.5157
19.3396
23.6037
23.4763
23.347
23.2158
23.0827
22.9477
22.8108
22.6719
22.5312
22.3885
22.2439
22.0975
21.9492
21.7993
21.6478
21.4946
21.3397
21.1832
21.0248
20.8648
20.7028
20.5391
20.3734
20.2059
20.0365
19.8653
19.6921
19.517
19.34
23.2668
23.1398
23.0109
22.8801
22.7476
22.6132
22.477
22.3388
22.1988
22.0568
21.9129
21.7671
21.6193
21.4695
21.3177
21.164
21.0083
20.8506
20.6909
20.529
20.3651
20.1992
20.0312
19.8613
19.6893
19.5152
19.3392
19.1611
23.4764
23.3473
23.2162
23.0833
22.9484
22.8116
22.6729
22.5323
22.3897
22.2453
22.0989
21.9507
21.8007
21.649
21.4956
21.3406
21.1839
21.0255
20.8654
20.7034
20.5396
20.3739
20.2064
20.037
19.8657
19.6925
19.5174
19.3404
19.1615
23.1395
23.0105
22.8797
22.7471
22.6126
22.4762
22.338
22.1979
22.0559
21.9119
21.7661
21.6183
21.4685
21.3167
21.163
21.0073
20.8496
20.6899
20.5282
20.3643
20.1984
20.0305
19.8606
19.6887
19.5147
19.3387
19.1607
18.9806
23.3474
23.2165
23.0837
22.9489
22.8123
22.6737
22.5332
22.3908
22.2465
22.1002
21.9521
21.8021
21.6503
21.4968
21.3416
21.1848
21.0263
20.866
20.704
20.5401
20.3744
20.2068
20.0374
19.8661
19.6929
19.5178
19.3408
19.1619
18.981
23.0102
22.8794
22.7466
22.612
22.4756
22.3373
22.1971
22.055
21.9111
21.7652
21.6173
21.4675
21.3157
21.162
21.0063
20.8486
20.689
20.5273
20.3635
20.1977
20.0298
19.86
19.6881
19.5141
19.3382
19.1602
18.9802
18.7981
23.2166
23.0839
22.9493
22.8128
22.6743
22.534
22.3917
22.2475
22.1014
21.9534
21.8035
21.6517
21.4981
21.3427
21.1857
21.0271
20.8667
20.7046
20.5407
20.375
20.2073
20.0378
19.8665
19.6933
19.5182
19.3412
19.1623
18.9814
18.7985
22.8791
22.7463
22.6116
22.4751
22.3367
22.1965
22.0543
21.9103
21.7644
21.6165
21.4666
21.3148
21.1611
21.0054
20.8477
20.688
20.5264
20.3627
20.1969
20.0291
19.8593
19.6875
19.5136
19.3377
19.1597
18.9798
18.7977
18.6137
23.084
22.9495
22.8131
22.6748
22.5346
22.3925
22.2484
22.1024
21.9545
21.8047
21.653
21.4994
21.3439
21.1868
21.028
20.8675
20.7053
20.5413
20.3755
20.2078
20.0383
19.867
19.6937
19.5186
19.3416
19.1626
18.9817
18.7988
18.614
22.7461
22.6113
22.4747
22.3362
22.1959
22.0537
21.9096
21.7636
21.6157
21.4658
21.314
21.1602
21.0045
20.8468
20.6872
20.5255
20.3619
20.1962
20.0284
19.8586
19.6868
19.513
19.3371
19.1592
18.9793
18.7973
18.6133
18.4272
22.9496
22.8134
22.6752
22.5351
22.3931
22.2491
22.1033
21.9555
21.8058
21.6542
21.5007
21.3452
21.188
21.029
20.8684
20.706
20.542
20.3761
20.2083
20.0388
19.8674
19.6941
19.519
19.3419
19.163
18.9821
18.7992
18.6144
18.4276
22.6111
22.4744
22.3359
22.1954
22.0532
21.909
21.763
21.615
21.4651
21.3132
21.1594
21.0037
20.846
20.6863
20.5247
20.361
20.1953
20.0277
19.858
19.6862
19.5124
19.3366
19.1587
18.9788
18.7969
18.6129
18.4269
18.2388
22.8135
22.6754
22.5354
22.3935
22.2497
22.104
21.9563
21.8068
21.6553
21.5018
21.3465
21.1892
21.0302
20.8694
20.7069
20.5427
20.3767
20.2089
20.0393
19.8679
19.6946
19.5194
19.3423
19.1633
18.9824
18.7995
18.6147
18.4279
18.2392
22.4742
22.3356
22.1951
22.0527
21.9085
21.7624
21.6144
21.4644
21.3125
21.1587
21.0029
20.8453
20.6856
20.5239
20.3602
20.1946
20.0269
19.8573
19.6855
19.5118
19.336
19.1582
18.9783
18.7964
18.6125
18.4265
18.2385
18.0484
22.6755
22.5356
22.3939
22.2502
22.1045
21.957
21.8076
21.6562
21.5028
21.3476
21.1904
21.0314
20.8705
20.7078
20.5435
20.3774
20.2095
20.0398
19.8684
19.695
19.5198
19.3427
19.1637
18.9828
18.7999
18.615
18.4282
18.2395
18.0487
22.3354
22.1948
22.0524
21.9081
21.7619
21.6138
21.4638
21.3119
21.1581
21.0023
20.8445
20.6848
20.5232
20.3595
20.1938
20.0262
19.8565
19.6849
19.5112
19.3354
19.1577
18.9778
18.796
18.612
18.4261
18.2381
18.0481
17.856
22.5357
22.3941
22.2505
22.105
21.9576
21.8082
21.657
21.5037
21.3486
21.1915
21.0325
20.8717
20.7089
20.5444
20.3782
20.2102
20.0404
19.8689
19.6955
19.5202
19.3431
19.164
18.9831
18.8002
18.6153
18.4285
18.2398
18.049
17.8563
22.1946
22.0522
21.9078
21.7615
21.6134
21.4633
21.3114
21.1575
21.0016
20.8439
20.6842
20.5225
20.3588
20.1931
20.0255
19.8558
19.6842
19.5106
19.3348
19.1571
18.9773
18.7955
18.6116
18.4257
18.2378
18.0478
17.8557
17.6616
22.3941
22.2507
22.1053
21.958
21.8088
21.6576
21.5045
21.3494
21.1925
21.0336
20.8728
20.71
20.5454
20.3791
20.2109
20.0411
19.8695
19.696
19.5207
19.3435
19.1644
18.9834
18.8005
18.6157
18.4288
18.2401
18.0493
17.8566
17.6619
22.052
21.9076
21.7612
21.613
21.4629
21.3109
21.1569
21.0011
20.8433
20.6836
20.5219
20.3582
20.1925
20.0248
19.8552
19.6835
19.5099
19.3343
19.1566
18.9768
18.795
18.6111
18.4253
18.2374
18.0474
17.8554
17.6613
17.4652
22.2508
22.1055
21.9583
21.8092
21.6581
21.5051
21.3502
21.1933
21.0345
20.8738
20.7111
20.5465
20.3801
20.2118
20.0418
19.8701
19.6966
19.5212
19.3439
19.1648
18.9838
18.8008
18.6159
18.4291
18.2404
18.0496
17.8569
17.6622
17.4655
21.9073
21.761
21.6128
21.4626
21.3105
21.1565
21.0006
20.8428
20.683
20.5213
20.3576
20.1919
20.0242
19.8545
19.6829
19.5093
19.3336
19.156
18.9763
18.7945
18.6107
18.4248
18.237
18.047
17.8551
17.661
17.4649
17.2667
22.1056
21.9585
21.8095
21.6585
21.5056
21.3508
21.194
21.0353
20.8747
20.7121
20.5476
20.3811
20.2128
20.0427
19.8708
19.6972
19.5217
19.3444
19.1653
18.9842
18.8012
18.6163
18.4294
18.2407
18.0499
17.8572
17.6625
17.4657
17.267
21.7608
21.6125
21.4623
21.3102
21.1561
21.0002
20.8423
20.6825
20.5207
20.357
20.1913
20.0236
19.854
19.6823
19.5087
19.333
19.1554
18.9758
18.794
18.6102
18.4244
18.2366
18.0466
17.8547
17.6607
17.4646
17.2665
17.0662
21.9586
21.8097
21.6588
21.506
21.3513
21.1946
21.036
20.8755
20.713
20.5485
20.3821
20.2138
20.0436
19.8716
19.6979
19.5223
19.3449
19.1657
18.9846
18.8016
18.6166
18.4298
18.2409
18.0502
17.8575
17.6627
17.466
17.2673
17.0665
21.6124
21.4621
21.3099
21.1558
20.9998
20.8419
20.6821
20.5203
20.3565
20.1908
20.0231
19.8534
19.6818
19.5081
19.3325
19.1549
18.9752
18.7935
18.6098
18.424
18.2361
18.0462
17.8543
17.6603
17.4643
17.2662
17.066
16.8638
21.8097
21.659
21.5063
21.3517
21.1951
21.0366
20.8761
20.7137
20.5494
20.3831
20.2148
20.0446
19.8725
19.6986
19.523
19.3455
19.1662
18.9851
18.802
18.617
18.4301
18.2413
18.0505
17.8578
17.663
17.4663
17.2675
17.0668
16.864
21.4619
21.3097
21.1556
20.9995
20.8416
20.6817
20.5199
20.3561
20.1903
20.0226
19.8529
19.6813
19.5076
19.332
19.1543
18.9747
18.793
18.6093
18.4235
18.2357
18.0459
17.854
17.66
17.464
17.2659
17.0657
16.8635
16.6592
21.6591
21.5065
21.3519
21.1954
21.037
20.8767
20.7144
20.5501
20.3839
20.2157
20.0455
19.8735
19.6995
19.5237
19.3462
19.1668
18.9856
18.8024
18.6174
18.4305
18.2416
18.0508
17.858
17.6633
17.4665
17.2678
17.067
16.8643
16.6594
21.3095
21.1554
20.9993
20.8413
20.6814
20.5195
20.3557
20.1899
20.0221
19.8525
19.6808
19.5071
19.3315
19.1538
18.9742
18.7925
18.6088
18.4231
18.2353
18.0455
17.8536
17.6596
17.4636
17.2656
17.0654
16.8633
16.659
16.4526
21.5066
21.3521
21.1957
21.0374
20.8771
20.7149
20.5507
20.3846
20.2165
20.0464
19.8744
19.7004
19.5246
19.3469
19.1674
18.9861
18.8029
18.6178
18.4309
18.242
18.0511
17.8583
17.6635
17.4668
17.268
17.0673
16.8645
16.6597
16.4528
21.1552
20.9991
20.8411
20.6811
20.5192
20.3553
20.1895
20.0217
19.852
19.6803
19.5067
19.331
19.1534
18.9737
18.792
18.6083
18.4226
18.2349
18.0451
17.8532
17.6593
17.4633
17.2653
17.0651
16.863
16.6587
16.4524
16.2439
21.3522
21.1959
21.0376
20.8775
20.7154
20.5513
20.3852
20.2172
20.0471
19.8752
19.7013
19.5255
19.3477
19.1681
18.9867
18.8034
18.6183
18.4313
18.2423
18.0514
17.8586
17.6638
17.467
17.2683
17.0675
16.8648
16.6599
16.4531
16.2442
20.999
20.8409
20.6809
20.5189
20.3551
20.1892
20.0214
19.8517
19.6799
19.5063
19.3306
19.1529
18.9733
18.7916
18.6079
18.4222
18.2345
18.0447
17.8529
17.6589
17.463
17.265
17.0649
16.8627
16.6585
16.4521
16.2437
16.0332
21.1959
21.0378
20.8777
20.7157
20.5517
20.3857
20.2178
20.0478
19.876
19.7021
19.5263
19.3486
19.1689
18.9874
18.804
18.6188
18.4317
18.2428
18.0518
17.859
17.6641
17.4673
17.2685
17.0678
16.865
16.6602
16.4533
16.2444
16.0334
20.8408
20.6808
20.5188
20.3548
20.1889
20.0211
19.8513
19.6796
19.5059
19.3302
19.1525
18.9729
18.7912
18.6075
18.4218
18.234
18.0443
17.8525
17.6586
17.4626
17.2646
17.0646
16.8624
16.6582
16.4519
16.2435
16.033
15.8204
21.0379
20.8779
20.7159
20.552
20.3861
20.2183
20.0484
19.8766
19.7028
19.5271
19.3494
19.1698
18.9882
18.8047
18.6194
18.4322
18.2432
18.0522
17.8593
17.6645
17.4676
17.2688
17.068
16.8652
16.6604
16.4535
16.2446
16.0336
15.8206
20.6806
20.5186
20.3546
20.1887
20.0208
19.851
19.6793
19.5055
19.3298
19.1522
18.9725
18.7908
18.6071
18.4214
18.2337
18.0439
17.8521
17.6583
17.4623
17.2643
17.0643
16.8622
16.6579
16.4516
16.2433
16.0328
15.8202
15.6054
20.878
20.7161
20.5523
20.3865
20.2187
20.0489
19.8772
19.7035
19.5278
19.3502
19.1706
18.989
18.8054
18.62
18.4328
18.2437
18.0527
17.8597
17.6648
17.4679
17.2691
17.0683
16.8655
16.6606
16.4537
16.2448
16.0338
15.8208
15.6056
20.5185
20.3545
20.1885
20.0206
19.8508
19.679
19.5053
19.3295
19.1518
18.9721
18.7904
18.6067
18.421
18.2333
18.0435
17.8518
17.6579
17.462
17.264
17.064
16.8619
16.6577
16.4514
16.243
16.0326
15.82
15.6052
15.3884
20.7162
20.5524
20.3867
20.219
20.0493
19.8777
19.704
19.5284
19.3508
19.1713
18.9898
18.8062
18.6208
18.4334
18.2442
18.0531
17.8602
17.6652
17.4683
17.2694
17.0686
16.8657
16.6608
16.454
16.2451
16.0341
15.821
15.6058
15.3886
20.3544
20.1884
20.0205
19.8506
19.6788
19.505
19.3293
19.1516
18.9718
18.7901
18.6064
18.4207
18.2329
18.0432
17.8514
17.6576
17.4617
17.2637
17.0637
16.8616
16.6574
16.4512
16.2428
16.0323
15.8198
15.605
15.3882
15.1692
20.5525
20.3868
20.2192
20.0496
19.878
19.7045
19.529
19.3514
19.172
18.9905
18.807
18.6215
18.4341
18.2448
18.0537
17.8606
17.6656
17.4687
17.2698
17.0689
16.866
16.6611
16.4542
16.2453
16.0343
15.8212
15.606
15.3888
15.1694
20.1883
20.0203
19.8504
19.6786
19.5048
19.329
19.1513
18.9716
18.7898
18.6061
18.4203
18.2326
18.0428
17.8511
17.6572
17.4613
17.2634
17.0634
16.8614
16.6572
16.4509
16.2426
16.0321
15.8196
15.6049
15.388
15.169
14.9478
20.3869
20.2193
20.0498
19.8783
19.7049
19.5294
19.352
19.1726
18.9911
18.8077
18.6223
18.4349
18.2455
18.0543
17.8611
17.6661
17.4691
17.2701
17.0692
16.8663
16.6614
16.4545
16.2455
16.0345
15.8214
15.6063
15.389
15.1696
14.948
20.0202
19.8503
19.6784
19.5046
19.3288
19.1511
18.9713
18.7896
18.6058
18.4201
18.2323
18.0425
17.8508
17.6569
17.461
17.2631
17.0631
16.8611
16.6569
16.4507
16.2424
16.0319
15.8194
15.6047
15.3879
15.1688
14.9476
14.7242
20.2194
20.0499
19.8785
19.7051
19.5298
19.3524
19.1731
18.9917
18.8083
18.6229
18.4356
18.2462
18.0549
17.8617
17.6666
17.4695
17.2705
17.0696
16.8667
16.6617
16.4547
16.2458
16.0347
15.8217
15.6065
15.3892
15.1698
14.9482
14.7244
19.8502
19.6783
19.5045
19.3286
19.1509
18.9711
18.7893
18.6056
18.4198
18.232
18.0423
17.8505
17.6566
17.4607
17.2628
17.0628
16.8608
16.6567
16.4505
16.2422
16.0317
15.8192
15.6045
15.3877
15.1687
14.9475
14.724
14.4983
20.05
19.8787
19.7053
19.53
19.3527
19.1735
18.9922
18.8089
18.6235
18.4362
18.2469
18.0556
17.8624
17.6672
17.47
17.271
17.07
16.867
16.662
16.4551
16.2461
16.035
15.8219
15.6067
15.3894
15.17
14.9484
14.7246
14.4985
19.6782
19.5044
19.3285
19.1507
18.9709
18.7891
18.6053
18.4196
18.2318
18.042
17.8502
17.6564
17.4605
17.2626
17.0626
16.8606
16.6565
16.4503
16.2419
16.0315
15.819
15.6043
15.3875
15.1685
14.9473
14.7239
14.4982
14.2701
19.8787
19.7055
19.5302
19.353
19.1738
18.9926
18.8093
18.6241
18.4368
18.2476
18.0563
17.863
17.6678
17.4706
17.2715
17.0704
16.8674
16.6624
16.4554
16.2464
16.0353
15.8222
15.6069
15.3897
15.1702
14.9486
14.7248
14.4987
14.2703
19.5043
19.3284
19.1506
18.9708
18.7889
18.6051
18.4193
18.2316
18.0418
17.85
17.6561
17.4602
17.2623
17.0623
16.8603
16.6562
16.45
16.2418
16.0314
15.8188
15.6042
15.3874
15.1684
14.9472
14.7238
14.498
14.27
14.0397
19.7055
19.5304
19.3532
19.1741
18.9929
18.8097
18.6245
18.4373
18.2481
18.0569
17.8637
17.6684
17.4712
17.272
17.0709
16.8679
16.6628
16.4558
16.2467
16.0356
15.8225
15.6072
15.3899
15.1705
14.9489
14.725
14.4989
14.2706
14.0399
19.3283
19.1505
18.9706
18.7888
18.605
18.4192
18.2314
18.0416
17.8498
17.6559
17.46
17.2621
17.0621
16.8601
16.656
16.4498
16.2416
16.0312
15.8187
15.604
15.3873
15.1683
14.9471
14.7237
14.4979
14.2699
14.0396
13.8067
19.5304
19.3533
19.1743
18.9932
18.81
18.6249
18.4378
18.2486
18.0574
17.8643
17.6691
17.4718
17.2726
17.0714
16.8683
16.6632
16.4561
16.2471
16.036
15.8228
15.6075
15.3902
15.1707
14.9492
14.7253
14.4992
14.2708
14.0401
13.8069
19.1504
18.9706
18.7887
18.6048
18.419
18.2312
18.0414
17.8496
17.6557
17.4598
17.2619
17.0619
16.8599
16.6558
16.4496
16.2414
16.031
15.8186
15.6039
15.3872
15.1682
14.947
14.7236
14.4979
14.2698
14.0395
13.8066
13.5713
19.3534
19.1744
18.9933
18.8103
18.6252
18.4381
18.2491
18.0579
17.8648
17.6696
17.4724
17.2732
17.072
16.8689
16.6637
16.4566
16.2475
16.0363
15.8231
15.6079
15.3905
15.1711
14.9494
14.7256
14.4995
14.2711
14.0404
13.8072
13.5715
18.9705
18.7886
18.6047
18.4189
18.2311
18.0412
17.8494
17.6555
17.4596
17.2617
17.0617
16.8597
16.6556
16.4494
16.2412
16.0309
15.8184
15.6038
15.3871
15.1681
14.947
14.7236
14.4979
14.2698
14.0394
13.8066
13.5711
13.3332
19.1744
18.9935
18.8105
18.6255
18.4384
18.2494
18.0583
17.8653
17.6702
17.473
17.2738
17.0726
16.8694
16.6642
16.457
16.2479
16.0367
15.8235
15.6082
15.3909
15.1714
14.9498
14.7259
14.4998
14.2715
14.0407
13.8075
13.5718
13.3334
18.7885
18.6047
18.4188
18.2309
18.0411
17.8492
17.6553
17.4594
17.2615
17.0615
16.8595
16.6554
16.4492
16.241
16.0307
15.8183
15.6037
15.387
15.1681
14.9469
14.7236
14.4979
14.2698
14.0395
13.8066
13.5711
13.3331
13.0923
18.9935
18.8106
18.6256
18.4387
18.2497
18.0587
17.8657
17.6706
17.4735
17.2744
17.0732
16.87
16.6647
16.4575
16.2483
16.0371
15.8239
15.6086
15.3913
15.1718
14.9501
14.7263
14.5002
14.2718
14.0411
13.8079
13.5721
13.3337
13.0926
18.6046
18.4187
18.2309
18.041
17.8491
17.6552
17.4593
17.2613
17.0613
16.8593
16.6552
16.4491
16.2409
16.0305
15.8181
15.6036
15.3869
15.1681
14.9469
14.7236
14.4979
14.2699
14.0395
13.8066
13.5712
13.3331
13.0922
12.8485
18.8106
18.6257
18.4388
18.2499
18.059
17.866
17.671
17.4739
17.2749
17.0737
16.8706
16.6653
16.458
16.2488
16.0376
15.8243
15.609
15.3917
15.1722
14.9505
14.7267
14.5006
14.2722
14.0416
13.8084
13.5726
13.3342
13.0929
12.8488
18.4186
18.2308
18.0409
17.849
17.6551
17.4591
17.2612
17.0612
16.8592
16.6551
16.4489
16.2407
16.0304
15.818
15.6035
15.3868
15.168
14.947
14.7236
14.498
14.27
14.0397
13.8068
13.5713
13.3332
13.0923
12.8485
12.6017
18.6258
18.4389
18.2501
18.0592
17.8663
17.6713
17.4743
17.2753
17.0742
16.8711
16.6659
16.4586
16.2494
16.0381
15.8248
15.6095
15.3921
15.1726
14.951
14.7272
14.5011
14.2727
14.042
13.8089
13.5731
13.3347
13.0934
12.8492
12.602
18.2307
18.0408
17.8489
17.655
17.459
17.2611
17.0611
16.8591
16.6549
16.4488
16.2406
16.0303
15.8179
15.6034
15.3868
15.168
14.947
14.7237
14.4981
14.2702
14.0399
13.807
13.5715
13.3334
13.0924
12.8485
12.6016
12.3515
18.439
18.2502
18.0593
17.8665
17.6716
17.4746
17.2757
17.0746
16.8715
16.6664
16.4592
16.2499
16.0386
15.8253
15.6099
15.3926
15.1731
14.9514
14.7277
14.5016
14.2733
14.0426
13.8094
13.5737
13.3353
13.0941
12.8498
12.6025
12.3519
18.0407
17.8489
17.6549
17.4589
17.261
17.0609
16.8589
16.6548
16.4487
16.2405
16.0302
15.8178
15.6033
15.3867
15.1679
14.947
14.7238
14.4982
14.2703
14.0401
13.8073
13.5718
13.3337
13.0927
12.8487
12.6017
12.3514
12.103
18.2502
18.0594
17.8667
17.6718
17.4749
17.276
17.075
16.8719
16.6668
16.4597
16.2505
16.0392
15.8258
15.6105
15.3931
15.1736
14.9519
14.7282
14.5022
14.2739
14.0433
13.8101
13.5744
13.3361
13.0948
12.8506
12.6032
12.3524
12.1034
17.8488
17.6548
17.4589
17.2609
17.0608
16.8588
16.6547
16.4486
16.2404
16.0301
15.8177
15.6032
15.3867
15.1679
14.947
14.7238
14.4984
14.2706
14.0404
13.8076
13.5722
13.3341
13.0931
12.8491
12.602
12.3516
12.1029
11.8517
18.0595
17.8668
17.6719
17.4751
17.2762
17.0753
16.8723
16.6672
16.4601
16.2509
16.0397
15.8264
15.611
15.3936
15.1741
14.9525
14.7287
14.5027
14.2745
14.044
13.8109
13.5753
13.3369
13.0957
12.8515
12.604
12.3532
12.104
11.8521
17.6548
17.4588
17.2608
17.0608
16.8587
16.6546
16.4485
16.2403
16.03
15.8176
15.6032
15.3866
15.1679
14.947
14.7239
14.4985
14.2708
14.0407
13.808
13.5727
13.3347
13.0937
12.8497
12.6025
12.3519
12.103
11.8516
11.5888
17.8668
17.672
17.4752
17.2764
17.0755
16.8726
16.6676
16.4605
16.2514
16.0402
15.8269
15.6115
15.3941
15.1746
14.953
14.7293
14.5034
14.2752
14.0447
13.8118
13.5762
13.3379
13.0967
12.8525
12.6051
12.3542
12.1049
11.8528
11.5892
17.4587
17.2608
17.0607
16.8587
16.6545
16.4484
16.2402
16.0299
15.8176
15.6031
15.3866
15.1679
14.9471
14.724
14.4987
14.2711
14.0411
13.8085
13.5733
13.3353
13.0944
12.8504
12.6032
12.3525
12.1034
11.8518
11.5887
11.3136
17.6721
17.4753
17.2765
17.0757
16.8728
16.6678
16.4608
16.2517
16.0406
15.8273
15.612
15.3947
15.1752
14.9536
14.7299
14.504
14.2759
14.0456
13.8127
13.5773
13.3391
13.098
12.8537
12.6063
12.3554
12.106
11.8537
11.5899
11.314
17.2607
17.0607
16.8586
16.6545
16.4483
16.2401
16.0299
15.8175
15.6031
15.3866
15.1679
14.9471
14.7242
14.4989
14.2714
14.0415
13.809
13.5739
13.336
13.0952
12.8513
12.604
12.3533
12.1041
11.8522
11.5889
11.3135
11.0252
17.4754
17.2766
17.0758
16.873
16.6681
16.4611
16.2521
16.041
15.8278
15.6125
15.3952
15.1758
14.9542
14.7306
14.5047
14.2767
14.0464
13.8137
13.5784
13.3404
13.0994
12.8553
12.6078
12.3569
12.1073
11.8549
11.5909
11.3148
11.0257
17.0606
16.8586
16.6544
16.4483
16.2401
16.0298
15.8175
15.6031
15.3866
15.168
14.9472
14.7243
14.4991
14.2716
14.0419
13.8096
13.5746
13.3369
13.0962
12.8523
12.6051
12.3544
12.105
11.853
11.5894
11.3137
11.0251
10.7229
17.2767
17.0759
16.8731
16.6682
16.4613
16.2523
16.0413
15.8281
15.6129
15.3957
15.1763
14.9548
14.7312
14.5054
14.2774
14.0473
13.8147
13.5796
13.3418
13.101
12.857
12.6096
12.3586
12.109
11.8564
11.5923
11.3158
11.0264
10.7233
16.8585
16.6544
16.4482
16.24
16.0297
15.8174
15.603
15.3866
15.168
14.9473
14.7244
14.4993
14.2719
14.0423
13.8101
13.5754
13.3378
13.0973
12.8535
12.6064
12.3557
12.1062
11.854
11.5903
11.3143
11.0254
10.7227
10.4055
17.0759
16.8732
16.6684
16.4615
16.2525
16.0415
15.8284
15.6133
15.3961
15.1768
14.9553
14.7318
14.5061
14.2782
14.0482
13.8157
13.5808
13.3432
13.1027
12.8589
12.6117
12.3607
12.111
11.8582
11.5939
11.3172
11.0276
10.7241
10.406
16.6543
16.4482
16.24
16.0297
15.8174
15.603
15.3866
15.168
14.9473
14.7245
14.4995
14.2723
14.0427
13.8107
13.5761
13.3388
13.0985
12.8549
12.6079
12.3572
12.1077
11.8554
11.5914
11.3152
11.026
10.723
10.4054
10.0722
16.8732
16.6684
16.4616
16.2527
16.0417
15.8287
15.6136
15.3964
15.1772
14.9558
14.7324
14.5068
14.279
14.0491
13.8168
13.5821
13.3448
13.1045
12.861
12.614
12.3632
12.1134
11.8605
11.5958
11.319
11.0291
10.7253
10.4068
10.0727
16.4481
16.2399
16.0297
15.8173
15.603
15.3866
15.168
14.9474
14.7246
14.4997
14.2726
14.0432
13.8113
13.5769
13.3398
13.0997
12.8564
12.6096
12.3589
12.1094
11.857
11.5929
11.3165
11.027
10.7237
10.4057
10.0721
9.72196
16.6685
16.4617
16.2528
16.0419
15.8289
15.6138
15.3967
15.1775
14.9562
14.7329
14.5074
14.2798
14.05
13.8179
13.5834
13.3464
13.1064
12.8632
12.6165
12.3659
12.1162
11.8632
11.5982
11.321
11.0309
10.7268
10.408
10.0736
9.72243
16.2399
16.0296
15.8173
15.603
15.3865
15.168
14.9475
14.7248
14.4999
14.2728
14.0436
13.8119
13.5778
13.3409
13.1011
12.858
12.6114
12.361
12.1114
11.859
11.5947
11.3181
11.0283
10.7247
10.4064
10.0724
9.72183
9.35345
16.4617
16.2529
16.042
15.829
15.614
15.397
15.1778
14.9566
14.7333
14.5079
14.2805
14.0509
13.819
13.5848
13.348
13.1084
12.8656
12.6192
12.3689
12.1193
11.8662
11.6012
11.3236
11.0331
10.7288
10.4096
10.0748
9.72331
9.35393
16.0296
15.8173
15.6029
15.3865
15.1681
14.9475
14.7249
14.5001
14.2731
14.044
13.8126
13.5786
13.3421
13.1025
12.8597
12.6134
12.3632
12.1137
11.8612
11.5969
11.32
11.0301
10.7262
10.4075
10.0732
9.72219
9.35332
8.96552
16.2529
16.0421
15.8292
15.6142
15.3972
15.1781
14.9569
14.7337
14.5084
14.2811
14.0517
13.8201
13.5861
13.3497
13.1105
12.8682
12.6222
12.3722
12.1228
11.8697
11.6045
11.3267
11.0358
10.731
10.4116
10.0765
9.72459
9.35481
8.966
15.8173
15.6029
15.3865
15.1681
14.9475
14.7249
14.5002
14.2734
14.0444
13.8132
13.5795
13.3432
13.104
12.8616
12.6155
12.3655
12.1163
11.8638
11.5993
11.3223
11.0322
10.728
10.409
10.0743
9.72297
9.35369
8.9654
8.55679
16.0421
15.8292
15.6143
15.3973
15.1783
14.9571
14.734
14.5088
14.2816
14.0523
13.821
13.5874
13.3514
13.1126
12.8708
12.6253
12.3758
12.1265
11.8735
11.6082
11.3303
11.0391
10.7339
10.414
10.0785
9.72627
9.35611
8.9669
8.55727
15.6029
15.3865
15.1681
14.9476
14.725
14.5004
14.2736
14.0448
13.8137
13.5803
13.3444
13.1056
12.8635
12.6179
12.3682
12.119
11.8666
11.6021
11.325
11.0346
10.7302
10.4109
10.0759
9.72418
9.3545
8.96578
8.55666
8.12583
15.8293
15.6144
15.3974
15.1784
14.9573
14.7343
14.5091
14.282
14.0529
13.8217
13.5885
13.353
13.1148
12.8735
12.6287
12.3796
12.1306
11.8777
11.6124
11.3343
11.0428
10.7373
10.4169
10.0809
9.72836
9.35782
8.96821
8.55817
8.1263
15.3865
15.1681
14.9476
14.7251
14.5005
14.2738
14.0452
13.8143
13.5811
13.3455
13.1071
12.8656
12.6203
12.371
12.1221
11.8697
11.6052
11.3281
11.0374
10.7328
10.4133
10.0779
9.72582
9.35575
8.96662
8.55707
8.1257
7.67097
15.6144
15.3975
15.1785
14.9575
14.7344
14.5094
14.2823
14.0533
13.8224
13.5894
13.3544
13.1169
12.8763
12.6322
12.3837
12.1351
11.8823
11.6169
11.3387
11.047
10.7413
10.4205
10.084
9.73085
9.35995
8.96994
8.55949
8.12721
7.67144
15.1681
14.9476
14.7251
14.5006
14.274
14.0455
13.8148
13.5819
13.3466
13.1087
12.8677
12.623
12.374
12.1254
11.8731
11.6086
11.3313
11.0407
10.7358
10.416
10.0803
9.72789
9.35745
8.96791
8.55793
8.12611
7.67083
7.19035
15.3975
15.1786
14.9576
14.7346
14.5096
14.2826
14.0537
13.8229
13.5901
13.3555
13.1187
12.8792
12.6359
12.3881
12.1399
11.8873
11.6219
11.3436
11.0517
10.7456
10.4245
10.0877
9.734
9.36249
8.9721
8.56125
8.12854
7.67235
7.19082
14.9476
14.7252
14.5007
14.2742
14.0457
13.8152
13.5826
13.3477
13.1102
12.8698
12.6257
12.3773
12.1289
11.8768
11.6123
11.335
11.0442
10.7393
10.4191
10.0832
9.73039
9.35958
8.96965
8.55925
8.127
7.67127
7.19021
6.6821
15.1786
14.9577
14.7347
14.5097
14.2828
14.054
13.8233
13.5907
13.3564
13.1202
12.8816
12.6397
12.3929
12.1451
11.8927
11.6274
11.3489
11.0569
10.7505
10.4291
10.0918
9.73772
9.3657
8.97468
8.56342
8.13031
7.67369
7.19173
6.68257
14.7252
14.5007
14.2743
14.0459
13.8156
13.5832
13.3487
13.1117
12.8719
12.6285
12.3808
12.1328
11.8808
11.6164
11.339
11.0481
10.743
10.4227
10.0864
9.73332
9.36216
8.97183
8.56102
8.12834
7.67217
7.19065
6.68195
6.14411
14.9577
14.7348
14.5098
14.2829
14.0542
13.8236
13.5912
13.3571
13.1213
12.8836
12.6431
12.398
12.1509
11.8985
11.6333
11.3547
11.0625
10.7559
10.4341
10.0964
9.74195
9.36948
8.97794
8.56603
8.1325
7.67547
7.19308
6.68348
6.14458
14.5007
14.2744
14.0461
13.8159
13.5837
13.3495
13.1131
12.874
12.6315
12.3844
12.1369
11.8851
11.6207
11.3433
11.0523
10.747
10.4266
10.0902
9.7367
9.36517
8.97447
8.56326
8.13016
7.67354
7.19157
6.68241
6.14395
5.57408
14.7348
14.5099
14.283
14.0544
13.8238
13.5916
13.3577
13.1223
12.8853
12.646
12.4027
12.1573
11.9051
11.6396
11.361
11.0686
10.7617
10.4396
10.1016
9.74669
9.37377
8.98176
8.56933
8.13513
7.67768
7.19486
6.68483
6.14548
5.57454
14.2744
14.0462
13.8161
13.5841
13.3503
13.1144
12.8761
12.6344
12.3883
12.1413
11.8897
11.6255
11.3481
11.057
10.7515
10.4308
10.0942
9.74058
9.36864
8.97756
8.56595
8.13244
7.67539
7.19297
6.68334
6.14441
5.5739
4.96934
14.5099
14.2831
14.0545
13.824
13.5918
13.3581
13.123
12.8866
12.6485
12.407
12.1633
11.9124
11.6469
11.3678
11.0752
10.7681
10.4457
10.1073
9.75194
9.37857
8.98609
8.57318
8.13847
7.68033
7.19709
6.68662
6.14684
5.57545
4.9698
14.0463
13.8162
13.5845
13.3509
13.1155
12.878
12.6374
12.3923
12.146
11.8947
11.6306
11.3532
11.062
10.7563
10.4354
10.0985
9.74464
9.37263
8.98111
8.56911
8.13518
7.67771
7.19485
6.68477
6.14537
5.57437
4.96915
4.32694
14.2831
14.0546
13.8241
13.592
13.3584
13.1235
12.8876
12.6506
12.4108
12.169
11.9193
11.6547
11.3755
11.0823
10.7749
10.4522
10.1134
9.7577
9.38389
8.99095
8.57755
8.14234
7.6837
7.19975
6.68885
6.14863
5.5768
4.97071
4.3274
13.8163
13.5847
13.3514
13.1165
12.8797
12.6403
12.3964
12.151
11.9001
11.6361
11.3586
11.0673
10.7615
10.4404
10.1033
9.74911
9.37678
8.9852
8.57273
8.13839
7.6805
7.19721
6.68667
6.14681
5.57534
4.96963
4.32672
3.64392
14.0546
13.8242
13.5922
13.3587
13.1239
12.8884
12.6522
12.4142
12.1745
11.9259
11.6623
11.3839
11.0904
10.7823
10.4593
10.1201
9.76399
9.38973
8.99632
8.58243
8.14673
7.68758
7.20316
6.69153
6.15087
5.5786
4.97206
4.3283
3.64436
13.5848
13.3517
13.1172
12.8812
12.643
12.4007
12.1564
11.9058
11.6419
11.3645
11.0731
10.7672
10.4459
10.1085
9.75399
9.38133
8.98941
8.5769
8.14207
7.68376
7.20004
6.68906
6.14875
5.57681
4.97062
4.32721
3.64367
2.91698
13.8242
13.5922
13.3588
13.1242
12.8889
12.6535
12.4171
12.1796
11.9321
11.6694
11.3919
11.0992
10.7907
10.4669
10.1274
9.77078
9.39609
9.00221
8.58784
8.15163
7.69198
7.20704
6.69497
6.15356
5.58084
4.97386
4.32964
3.64524
2.9174
13.3519
13.1176
12.8823
12.6455
12.4051
12.1621
11.9119
11.6482
11.3708
11.0793
10.7732
10.4517
10.114
9.75927
9.38629
8.99403
8.58117
8.14634
7.6875
7.20335
6.69194
6.15117
5.57877
4.9721
4.32821
3.64416
2.9167
2.14289
13.5923
13.3589
13.1244
12.8893
12.6544
12.4196
12.1844
11.938
11.6761
11.3995
11.1076
10.7998
10.4755
10.1351
9.77811
9.40297
9.00862
8.59376
8.15706
7.69689
7.21144
6.69885
6.15703
5.58354
4.97611
4.33143
3.64656
2.91825
2.14327
13.1179
12.8831
12.6476
12.4094
12.1681
11.9184
11.6548
11.3775
11.086
10.7797
10.458
10.12
9.76497
9.39167
8.99906
8.58584
8.15064
7.69184
7.20714
6.6953
6.15408
5.58123
4.97408
4.3297
3.64515
2.91718
2.14257
1.31988
13.359
13.1245
12.8895
12.655
12.4216
12.1889
11.9435
11.6824
11.4067
11.1156
10.8085
10.4849
10.1439
9.78597
9.41037
9.01555
8.60021
8.163
7.70233
7.21636
6.70325
6.16091
5.58705
4.9788
4.33367
3.64833
2.91951
2.14402
1.32016
12.8835
12.649
12.4135
12.1747
11.9254
11.662
11.3846
11.093
10.7866
10.4646
10.1264
9.77108
9.39745
9.0045
8.59092
8.15535
7.69617
7.21156
6.69914
6.15749
5.58417
4.97656
4.3317
3.64664
2.91814
2.14301
1.31951
0.44915
13.1246
12.8897
12.6555
12.4232
12.1931
11.9486
11.6883
11.4133
11.123
10.8167
10.4937
10.1534
9.79488
9.41831
9.02301
8.60717
8.16946
7.70828
7.22179
6.70817
6.1653
5.59092
4.98234
4.33635
3.65053
2.9212
2.14516
1.32072
0.44926
12.65
12.417
12.1818
11.933
11.6696
11.3922
11.1005
10.7939
10.4718
10.1333
9.77761
9.40366
9.01037
8.59642
8.16047
7.70092
7.21592
6.70364
6.16138
5.58762
4.97955
4.33419
3.64863
2.91958
2.14388
1.31984
0.448731
12.8897
12.6557
12.4243
12.1971
11.9534
11.6937
11.4195
11.1299
10.8243
10.5021
10.1625
9.80455
9.4273
9.03099
8.61466
8.17645
7.71475
7.22775
6.7136
6.17021
5.5953
4.98619
4.33992
3.65317
2.92332
2.14668
1.32157
0.449481
12.4191
12.1896
11.9411
11.6777
11.4003
11.1085
10.8017
10.4793
10.1405
9.78457
9.41029
9.01664
8.60232
8.16601
7.70607
7.22069
6.70802
6.16597
5.59156
4.98303
4.3372
3.65112
2.92151
2.14519
1.3205
0.448865
12.6558
12.4251
12.2008
11.9579
11.6987
11.4253
11.1363
10.8314
10.5099
10.1709
9.8137
9.43706
9.04002
8.62267
8.18395
7.72174
7.23421
6.71954
6.17563
5.60019
4.99055
4.34373
3.65675
2.92586
2.14858
1.32272
0.449817
12.198
11.95
11.6864
11.409
11.117
10.81
10.4873
10.1482
9.79195
9.41733
9.02332
8.60865
8.17195
7.71163
7.22586
6.7128
6.17036
5.59624
4.98701
4.3407
3.65411
2.92393
2.14694
1.3215
0.449131
12.4254
12.2043
11.962
11.7034
11.4305
11.1422
10.838
10.5171
10.1788
9.82227
9.44628
9.04986
8.63174
8.19197
7.72924
7.2412
6.726
6.18156
5.60559
4.99541
4.34805
3.66049
2.92937
2.15088
1.32416
0.450272
11.9598
11.6957
11.4182
11.126
10.8187
10.4957
10.1564
9.79976
9.4248
9.03043
8.61539
8.17831
7.7176
7.23145
6.718
6.17516
5.60064
4.99178
4.34471
3.6576
2.92684
2.14914
1.32284
0.449533
12.2076
11.9658
11.7077
11.4354
11.1477
10.844
10.5238
10.1861
9.83023
9.45492
9.05915
8.64162
8.20106
7.73727
7.2487
6.73298
6.18802
5.6115
5.00079
4.35286
3.66472
2.93295
2.15417
1.3259
0.450849
11.7059
11.428
11.1355
10.8279
10.5046
10.165
9.808
9.43269
9.03796
8.62254
8.18508
7.72398
7.23744
6.72359
6.18036
5.60545
4.99619
4.34958
3.6616
2.93024
2.1518
1.32453
0.450075
11.9694
11.7116
11.4399
11.1526
10.8495
10.5299
10.1929
9.83759
9.46294
9.06782
8.65094
8.21097
7.74635
7.25672
6.74047
6.19496
5.61792
5.00667
4.35819
3.66944
2.937
2.15739
1.32864
0.451554
11.4385
11.1456
10.8376
10.514
10.174
9.81668
9.441
9.0459
8.6301
8.19226
7.73078
7.24383
6.72959
6.18596
5.61065
5.00099
4.35396
3.66653
2.93414
2.15492
1.32658
0.450766
11.7153
11.4439
11.1572
10.8546
10.5354
10.199
9.84436
9.47034
9.07588
8.65965
8.22032
7.75629
7.26579
6.74847
6.20243
5.62485
5.01305
4.36401
3.67467
2.94154
2.16106
1.3311
0.453157
11.1563
10.8479
10.5239
10.1835
9.82579
9.44974
9.05427
8.63809
8.19986
7.73799
7.25065
6.73601
6.19198
5.61627
5.00619
4.35874
3.67086
2.93907
2.15852
1.329
0.451613
11.4476
11.1613
10.8592
10.5405
10.2046
9.85055
9.47715
9.08331
8.66774
8.22905
7.76565
7.27574
6.75752
6.21042
5.6323
5.01995
4.37034
3.6804
2.94657
2.16518
1.33392
0.454165
10.8587
10.5342
10.1934
9.83535
9.45892
9.06306
8.64648
8.20786
7.74559
7.25785
6.74282
6.19839
5.62227
5.01179
4.36392
3.67558
2.94326
2.16325
1.33182
0.452627
11.165
10.8633
10.5451
10.2098
9.85621
9.48337
9.09014
8.6752
8.23715
7.7744
7.28512
6.76748
6.21944
5.64025
5.02735
4.37719
3.68663
2.95209
2.16976
1.33711
0.455339
10.545
10.2038
9.84534
9.46851
9.07226
8.6553
8.21628
7.75362
7.26548
6.75005
6.20521
5.62868
5.01778
4.36949
3.6807
2.94782
2.16708
1.3359
0.453826
10.8671
10.5493
10.2144
9.86133
9.48903
9.09639
8.68204
8.24463
7.78252
7.29388
6.77687
6.2294
5.64923
5.03527
4.38453
3.69336
2.95811
2.17483
1.3407
0.456693
10.2147
9.85578
9.47855
9.0819
8.66454
8.22512
7.76205
7.27351
6.75767
6.21243
5.6355
5.02419
4.37546
3.6862
2.95278
2.17128
1.33891
0.456397
10.5531
10.2186
9.86599
9.49419
9.10207
8.68829
8.25149
7.79
7.30201
6.78564
6.2388
5.6592
5.04419
4.39237
3.7006
2.96463
2.18038
1.34471
0.458245
9.86668
9.48902
9.09196
8.67419
8.23436
7.77088
7.28194
6.76569
6.22005
5.6427
5.03098
4.38184
3.69212
2.95813
2.17586
1.34223
0.457703
10.2224
9.87019
9.49885
9.10724
8.69401
8.25776
7.79687
7.3095
6.79377
6.24758
5.6686
5.05415
4.40123
3.70835
2.97168
2.18644
1.34916
0.460021
9.49991
9.10244
8.68426
8.24403
7.78014
7.29079
6.77413
6.22808
5.65033
5.03819
4.3886
3.6984
2.96386
2.18081
1.34589
0.459171
9.874
9.50309
9.11192
8.69917
8.26346
7.80316
7.31638
6.80127
6.25571
5.67737
5.06353
4.41116
3.71708
2.97923
2.19299
1.35408
0.462046
9.11334
8.69473
8.25409
7.78979
7.30003
6.78297
6.2365
5.65833
5.04578
4.39576
3.70511
2.97001
2.18616
1.3499
0.460826
9.50687
9.11613
8.70385
8.26866
7.80887
7.32266
6.80816
6.26322
5.68551
5.07232
4.42055
3.72696
2.98771
2.2001
1.35949
0.464355
8.70564
8.26458
7.79987
7.30969
6.79221
6.24534
5.66676
5.05378
4.40332
3.7122
2.97655
2.19192
1.35428
0.462681
9.11997
8.70811
8.27335
7.81405
7.32839
6.81444
6.27011
5.69304
5.08047
4.42931
3.73629
2.99745
2.20809
1.36544
0.467003
8.27547
7.81034
7.31974
6.80185
6.25456
5.67556
5.06216
4.41129
3.71969
2.9835
2.19808
1.35904
0.464762
8.71191
8.27758
7.81877
7.33359
6.82018
6.27642
5.69992
5.08798
4.43744
3.74503
3.00667
2.21744
1.37217
0.470023
7.82121
7.3302
6.81189
6.26419
5.68478
5.07096
4.41964
3.7276
2.99087
2.20467
1.3642
0.467108
8.28142
7.82301
7.33828
6.82538
6.28214
5.70623
5.09488
4.44495
3.75316
3.01534
2.22637
1.38035
0.473307
7.34107
6.82234
6.27422
5.69439
5.08015
4.42841
3.7359
2.99862
2.21169
1.36984
0.469754
7.82683
7.34254
6.83008
6.28736
5.71197
5.10119
4.45187
3.76065
3.0234
2.23482
1.38836
0.477974
6.83318
6.28464
5.7044
5.08974
4.43757
3.7446
3.00681
2.21913
1.37589
0.472715
7.34638
6.83435
6.29208
5.71717
5.10693
4.45817
3.76756
3.03089
2.24273
1.39607
0.482834
6.29547
5.7148
5.09971
4.44711
3.75371
3.01541
2.22705
1.38247
0.476088
6.83818
6.29633
5.72191
5.11216
4.46393
3.77386
3.03774
2.25009
1.40345
0.487836
5.7256
5.1101
4.45707
3.76322
3.02441
2.23537
1.38951
0.479883
6.3002
5.72619
5.11688
4.46913
3.77961
3.04405
2.2569
1.4104
0.492883
5.12087
4.46741
3.77313
3.03385
2.2442
1.39715
0.484213
5.73002
5.12115
4.47387
3.78486
3.04981
2.26317
1.41693
0.497998
4.47813
3.78343
3.04368
2.25344
1.40529
0.489156
5.12503
4.47817
3.78961
3.05506
2.26892
1.42303
0.503052
3.79415
3.05396
2.26318
1.41407
0.494828
4.48202
3.7939
3.05979
2.27411
1.42865
0.508009
3.06462
2.27334
1.4234
0.50132
3.79776
3.06408
2.27893
1.43386
0.512878
2.28399
1.43339
0.508831
3.06801
2.28321
1.43858
0.517581
1.44398
0.517552
2.28712
1.44295
0.522059
0.527674
1.44691
0.526352
0.530421
)
;

boundaryField
{
    inlet
    {
        type            zeroGradient;
    }
    outlet
    {
        type            fixedValue;
        value           uniform 0;
    }
    upperWall
    {
        type            zeroGradient;
    }
    lowerWall
    {
        type            zeroGradient;
    }
    frontAndBack
    {
        type            empty;
    }
}


// ************************************************************************* //
